	page	x0	y0	x1	y1	token	contract_num	advertiser	flight_from	flight_to	gross_amount	tok_id	length	digitness	is_dollar	log_amount	label
0	0	18.0	25.174	48.232	25.217	Contract	0.0	0.27	0.0	0.0	0.0	53	8	0.0	0.0	0.0	0
1	0	50.456	25.174	89.584	25.217	Agreement	0.0	0.32	0.0	0.0	0.0	115	9	0.0	0.0	0.0	0
2	0	91.808	25.174	125.16	25.217	Between:	0.0	0.32	0.0	0.0	0.0	120	8	0.0	0.0	0.0	0
3	0	429.272	25.174	445.72	25.217	Print	0.0	0.32	0.0	0.0	0.0	37	5	0.0	0.0	0.0	0
4	0	447.944	25.174	464.84	25.217	Date	0.0	0.29	0.0	0.0	0.0	8	4	0.0	0.0	0.0	0
5	0	474.001	25.174	505.137	25.217	08/06/12	0.0	0.23	0.0	0.0	0.0	0	8	0.75	0.0	0.0	0
6	0	533.251	25.174	551.931	25.217	Page	0.0	0.23	0.0	0.0	0.0	7	4	0.0	0.0	0.0	0
7	0	261.18	41.705	350.94	41.794	CONTRACT	0.0	0.2	0.0	0.0	0.0	53	8	0.0	0.0	0.0	0
8	0	119.999	63.207	149.439	63.262	WBTV	0.0	0.19	0.0	0.0	0.0	1249	4	0.0	0.0	0.0	0
9	0	406.681	60.424	436.913	60.467	Contract	0.0	0.24	0.0	0.0	0.0	53	8	0.0	0.0	0.0	0
10	0	443.585	60.424	474.257	60.467	Revision	0.0	0.24	0.0	0.0	0.0	75	8	0.0	0.0	0.0	0
11	0	495.842	60.424	505.178	60.467	Alt	0.0	0.29	0.0	0.0	0.0	31	3	0.0	0.0	0.0	0
12	0	507.402	60.424	527.85	60.467	Order	0.0	0.29	0.0	0.0	0.0	9	5	0.0	0.0	0.0	0
13	0	119.999	75.207	139.449	75.262	One	0.0	0.29	0.0	0.0	0.0	778	3	0.0	0.0	0.0	0
14	0	142.229	75.207	171.129	75.262	Julian	0.0	0.32	0.0	0.0	0.0	1400	6	0.0	0.0	0.0	0
15	0	173.909	75.207	198.369	75.262	Price	0.0	0.32	0.0	0.0	0.0	295	5	0.0	0.0	0.0	0
16	0	201.149	75.207	227.279	75.262	Place	0.0	0.32	0.0	0.0	0.0	300	5	0.0	0.0	0.0	0
17	0	417.001	72.424	443.689	72.467	805046	0.0	0.27	0.0	0.0	0.67	0	6	1.0	1.0	13.598656	0
18	0	495.842	72.424	531.426	72.467	06263980	0.0	0.14	0.0	0.0	0.53	0	8	1.0	1.0	15.650327	0
19	0	119.999	87.207	166.669	87.262	Charlotte,	0.0	0.3	0.0	0.0	0.0	674	10	0.0	0.0	0.0	0
20	0	189.449	87.207	217.249	87.262	28208	0.0	0.3	0.0	0.0	0.59	0	5	1.0	1.0	10.247396	0
21	0	309.002	85.924	336.57	85.967	Product	0.0	0.3	0.0	0.0	0.0	5	7	0.0	0.0	0.0	0
22	0	119.999	99.207	143.339	99.262	(704)	0.0	0.29	0.0	0.0	0.0	0	5	0.6	0.0	0.0	0
23	0	146.119	99.207	188.369	99.262	374-3500	0.0	0.68	0.0	0.0	0.0	0	8	0.875	0.0	0.0	0
24	0	307.5	98.164	342.604	98.208	AMRCNS	0.0	0.82	0.0	0.0	0.0	3826	6	0.0	0.0	0.0	0
25	0	351.5	98.164	403.068	98.208	PROSPERITY	0.0	0.82	0.0	0.0	0.0	1085	10	0.0	0.0	0.0	0
26	0	308.251	110.674	338.483	110.717	Contract	0.0	0.68	0.0	0.0	0.0	53	8	0.0	0.0	0.0	0
27	0	340.707	110.674	361.603	110.717	Dates	0.0	0.44	0.0	0.0	0.0	18	5	0.0	0.0	0.0	0
28	0	407.251	110.674	438.371	110.717	Estimate	0.0	0.38	0.0	0.0	0.0	23	8	0.0	0.0	0.0	0
29	0	308.251	122.914	339.387	122.958	08/22/12	0.0	0.14	0.0	0.0	0.0	0	8	0.75	0.0	0.0	0
30	0	346.499	122.914	377.635	122.958	08/27/12	0.0	0.32	0.0	0.0	0.0	0	8	0.75	0.0	0.0	0
31	0	407.251	122.914	425.043	122.958	1836	0.0	0.39	0.0	0.0	0.75	0	4	1.0	1.0	7.515889	0
32	0	309.002	135.424	345.01	135.467	Advertiser	0.0	0.44	0.0	0.0	0.0	6	10	0.0	0.0	0.0	0
33	0	484.501	135.424	512.061	135.467	Original	0.0	0.4	0.0	0.0	0.0	39	8	0.0	0.0	0.0	0
34	0	514.285	135.424	531.181	135.467	Date	0.0	0.41	0.0	0.0	0.0	8	4	0.0	0.0	0.0	0
35	0	537.853	135.424	568.525	135.467	Revision	0.0	0.85	0.0	0.0	0.0	75	8	0.0	0.0	0.0	0
36	0	309.002	147.664	349.906	147.708	Americans	0.0	1.0	0.0	0.0	0.0	984	9	0.0	0.0	0.0	advertiser
37	0	352.13	147.664	365.018	147.708	For	0.0	1.0	0.0	0.0	0.0	50	3	0.0	0.0	0.0	advertiser
38	0	367.242	147.664	406.81	147.708	Prosperity	0.0	1.0	0.0	0.0	0.0	1085	10	0.0	0.0	0.0	advertiser
39	0	491.041	147.424	522.177	147.467	08/06/12	0.0	0.85	0.0	0.0	0.0	0	8	0.75	0.0	0.0	0
40	0	544.665	147.424	575.801	147.467	08/06/12	0.0	0.41	0.0	0.0	0.0	0	8	0.75	0.0	0.0	0
41	0	18.0	157.174	34.456	157.217	And:	0.0	0.18	0.0	0.0	0.0	77	4	0.0	0.0	0.0	0
42	0	406.681	160.174	428.017	160.217	Billing	0.0	0.24	0.0	0.0	0.0	11	7	0.0	0.0	0.0	0
43	0	430.241	160.174	450.241	160.217	Cycle	0.0	0.31	0.0	0.0	0.0	32	5	0.0	0.0	0.0	0
44	0	457.92	160.174	479.256	160.217	Billing	0.0	0.31	0.0	0.0	0.0	11	7	0.0	0.0	0.0	0
45	0	481.48	160.174	513.936	160.217	Calendar	0.0	0.32	0.0	0.0	0.0	48	8	0.0	0.0	0.0	0
46	0	536.4	160.174	578.192	160.217	Cash/Trade	0.0	0.33	0.0	0.0	0.0	150	10	0.0	0.0	0.0	0
47	0	406.681	172.174	444.465	172.217	EOM/EOC	0.0	0.33	0.0	0.0	0.0	43	7	0.0	0.0	0.0	0
48	0	457.92	172.174	493.936	172.217	Broadcast	0.0	0.33	0.0	0.0	0.0	41	9	0.0	0.0	0.0	0
49	0	536.4	172.174	555.072	172.217	Cash	0.0	0.37	0.0	0.0	0.0	21	4	0.0	0.0	0.0	0
50	0	90.0	177.871	124.002	177.92	Mentzer	0.0	0.37	0.0	0.0	0.0	413	7	0.0	0.0	0.0	0
51	0	126.504	177.871	152.01	177.92	Media	0.0	0.37	0.0	0.0	0.0	59	5	0.0	0.0	0.0	0
52	0	154.512	177.871	191.538	177.92	Services	0.0	0.37	0.0	0.0	0.0	299	8	0.0	0.0	0.0	0
53	0	406.5	184.924	431.404	184.967	Station	0.0	0.37	0.0	0.0	0.0	57	7	0.0	0.0	0.0	0
54	0	457.92	184.924	486.824	184.967	Account	0.0	0.37	0.0	0.0	0.0	15	7	0.0	0.0	0.0	0
55	0	489.048	184.924	523.728	184.967	Executive	0.0	0.34	0.0	0.0	0.0	24	9	0.0	0.0	0.0	0
56	0	536.25	184.924	556.258	184.967	Sales	0.0	0.3	0.0	0.0	0.0	10	5	0.0	0.0	0.0	0
57	0	558.482	184.924	579.378	184.967	Office	0.0	0.3	0.0	0.0	0.0	12	6	0.0	0.0	0.0	0
58	0	90.0	188.371	105.012	188.42	600	0.0	0.36	0.0	0.0	0.67	0	3	1.0	1.0	6.398595	0
59	0	107.514	188.371	146.016	188.42	Farimont	0.0	0.39	0.0	0.0	0.0	2429	8	0.0	0.0	0.0	0
60	0	148.518	188.371	181.026	188.42	Avenue	0.0	0.39	0.0	0.0	0.0	277	6	0.0	0.0	0.0	0
61	0	90.0	198.871	112.005	198.92	Suite	0.0	0.39	0.0	0.0	0.0	140	5	0.0	0.0	0.0	0
62	0	114.507	198.871	129.519	198.92	306	0.0	0.36	0.0	0.0	0.67	0	3	1.0	1.0	5.7268476	0
63	0	406.5	197.164	430.052	197.208	WBTV	0.0	0.3	0.0	0.0	0.0	1249	4	0.0	0.0	0.0	0
64	0	457.92	196.924	476.592	196.967	Dave	0.0	0.24	0.0	0.0	0.0	489	4	0.0	0.0	0.0	0
65	0	478.816	196.924	497.48	196.967	Clark	0.0	0.27	0.0	0.0	0.0	1196	5	0.0	0.0	0.0	0
66	0	536.25	196.924	608.274	196.967	Telerep-Washington	0.0	0.27	0.0	0.0	0.0	1510	18	0.0	0.0	0.0	0
67	0	610.498	196.924	626.498	196.967	D.C.	0.0	0.21	0.0	0.0	0.0	98	4	0.0	0.0	0.0	0
68	0	90.0	209.371	126.504	209.42	Towson,	0.0	0.23	0.0	0.0	0.0	441	7	0.0	0.0	0.0	0
69	0	148.005	209.371	173.025	209.42	21286	0.0	0.28	0.0	0.0	0.59	0	5	1.0	1.0	9.965852	0
70	0	406.562	209.674	432.794	209.717	Special	0.0	0.28	0.0	0.0	0.0	104	7	0.0	0.0	0.0	0
71	0	435.018	209.674	466.586	209.717	Handling	0.0	0.3	0.0	0.0	0.0	116	8	0.0	0.0	0.0	0
72	0	406.562	234.424	454.13	234.467	Demographic	0.0	0.3	0.0	0.0	0.0	40	11	0.0	0.0	0.0	0
73	0	406.321	246.424	428.553	246.467	Adults	0.0	0.31	0.0	0.0	0.0	192	6	0.0	0.0	0.0	0
74	0	430.777	246.424	444.345	246.467	35+	0.0	0.36	0.0	0.0	0.0	0	3	0.6666667	0.0	0.0	0
75	0	406.5	283.924	424.284	283.967	IDB#	0.0	0.43	0.0	0.0	0.0	171	4	0.0	0.0	0.0	0
76	0	457.92	283.924	493.928	283.967	Advertiser	0.0	0.47	0.0	0.0	0.0	6	10	0.0	0.0	0.0	0
77	0	496.152	283.924	515.272	283.967	Code	0.0	0.47	0.0	0.0	0.0	19	4	0.0	0.0	0.0	0
78	0	536.25	283.924	563.818	283.967	Product	0.0	0.47	0.0	0.0	0.0	5	7	0.0	0.0	0.0	0
79	0	566.042	283.924	585.162	283.967	Code	0.0	0.43	0.0	0.0	0.0	19	4	0.0	0.0	0.0	0
80	0	406.5	295.924	424.292	295.967	1021	0.0	0.31	0.0	0.0	0.62	0	4	1.0	1.0	6.929517	0
81	0	406.5	308.674	433.18	308.717	Agency	0.0	0.34	0.0	0.0	0.0	2	6	0.0	0.0	0.0	0
82	0	435.404	308.674	447.852	308.717	Ref	0.0	0.41	0.0	0.0	0.0	63	3	0.0	0.0	0.0	0
83	0	497.251	308.674	533.259	308.717	Advertiser	0.0	0.44	0.0	0.0	0.0	6	10	0.0	0.0	0.0	0
84	0	535.483	308.674	547.931	308.717	Ref	0.0	0.44	0.0	0.0	0.0	63	3	0.0	0.0	0.0	0
85	0	401.25	341.011	426.765	341.059	Spots/	0.0	0.44	0.0	0.0	0.0	4	6	0.0	0.0	0.0	0
86	0	534.002	340.261	558.509	340.309	Totals	0.0	0.38	0.0	0.0	0.0	30	6	0.0	0.0	0.0	0
87	0	20.251	352.261	41.609	353.151	*Line	0.0	0.24	0.0	0.0	0.0	89	5	0.0	0.0	0.0	0
88	0	69.749	352.261	88.757	352.309	Start	0.0	0.22	0.0	0.0	0.0	26	5	0.0	0.0	0.0	0
89	0	91.259	352.261	128.512	352.309	DateEnd	0.0	0.3	0.0	0.0	0.0	144	7	0.0	0.0	0.0	0
90	0	131.014	352.261	150.022	352.309	Date	0.0	0.35	0.0	0.0	0.0	8	4	0.0	0.0	0.0	0
91	0	155.251	352.261	200.26	352.309	Description	0.0	0.35	0.0	0.0	0.0	62	11	0.0	0.0	0.0	0
92	0	260.252	352.261	297.773	352.309	Start/End	0.0	0.35	0.0	0.0	0.0	35	9	0.0	0.0	0.0	0
93	0	300.275	352.261	320.273	352.309	Time	0.0	0.28	0.0	0.0	0.0	22	4	0.0	0.0	0.0	0
94	0	333.751	352.261	354.253	352.309	Days	0.0	0.28	0.0	0.0	0.0	38	4	0.0	0.0	0.0	0
95	0	369.0	352.261	396.522	352.309	Length	0.0	0.28	0.0	0.0	0.0	56	6	0.0	0.0	0.0	0
96	0	401.25	352.261	424.254	352.309	Week	0.0	0.31	0.0	0.0	0.0	29	4	0.0	0.0	0.0	0
97	0	444.75	352.261	463.758	352.309	Rate	0.0	0.34	0.0	0.0	0.0	13	4	0.0	0.0	0.0	0
98	0	489.002	352.261	533.014	352.309	TypeSpots	0.0	0.34	0.0	0.0	0.0	158	9	0.0	0.0	0.0	0
99	0	558.751	352.261	589.765	352.309	Amount	0.0	0.29	0.0	0.0	0.0	25	6	0.0	0.0	0.0	0
100	0	45.0	364.924	68.112	364.967	WBTV	0.0	0.24	0.0	0.0	0.0	1249	4	0.0	0.0	0.0	0
101	0	71.249	364.924	102.385	364.967	08/22/12	0.0	0.19	0.0	0.0	0.0	0	8	0.75	0.0	0.0	0
102	0	113.25	364.924	144.386	364.967	08/24/12	0.0	0.33	0.0	0.0	0.0	0	8	0.75	0.0	0.0	0
103	0	155.251	364.924	173.475	364.967	Price	0.0	0.41	0.0	0.0	0.0	295	5	0.0	0.0	0.0	0
104	0	184.147	364.924	202.819	364.967	Right	0.0	0.41	0.0	0.0	0.0	302	5	0.0	0.0	0.0	0
105	0	260.252	364.924	289.604	364.967	11a-12p	0.0	0.34	0.0	0.0	0.0	154	7	0.5714286	0.0	0.0	0
106	0	386.371	364.924	397.491	364.967	:30	0.0	0.22	0.0	0.0	0.0	0	3	0.6666667	0.0	0.0	0
107	0	556.892	364.924	592.476	364.967	$1,950.00	0.0	0.17	0.0	0.0	0.75	0	9	0.6666667	1.0	7.5760975	0
108	0	51.749	374.674	68.645	374.717	Start	0.0	0.22	0.0	0.0	0.0	26	5	0.0	0.0	0.0	0
109	0	70.869	374.674	87.765	374.717	Date	0.0	0.24	0.0	0.0	0.0	8	4	0.0	0.0	0.0	0
110	0	99.0	374.674	113.232	374.717	End	0.0	0.3	0.0	0.0	0.0	28	3	0.0	0.0	0.0	0
111	0	115.456	374.674	132.352	374.717	Date	0.0	0.38	0.0	0.0	0.0	8	4	0.0	0.0	0.0	0
112	0	144.751	374.674	182.095	374.717	Weekdays	0.0	0.38	0.0	0.0	0.0	42	8	0.0	0.0	0.0	0
113	0	204.749	374.674	247.877	374.717	Spots/Week	0.0	0.38	0.0	0.0	0.0	33	10	0.0	0.0	0.0	0
114	0	285.001	374.674	301.897	374.717	Rate	0.0	0.38	0.0	0.0	0.0	13	4	0.0	0.0	0.0	0
115	0	25.5	383.674	48.172	383.717	Week:	0.0	0.29	0.0	0.0	0.0	29	5	0.0	0.0	0.0	0
116	0	51.749	383.674	82.885	383.717	08/20/12	0.0	0.2	0.0	0.0	0.0	0	8	0.75	0.0	0.0	0
117	0	99.0	383.674	130.136	383.717	08/26/12	0.0	0.13	0.0	0.0	0.0	0	8	0.75	0.0	0.0	0
118	0	144.751	383.589	178.519	383.626	--WTF--	0.0	0.08	0.0	0.0	0.0	289	7	0.0	0.0	0.0	0
119	0	272.613	383.674	301.525	383.717	$650.00	0.0	0.11	0.0	0.0	0.67	0	7	0.71428573	1.0	6.4785094	0
120	0	45.0	397.174	68.112	397.217	WBTV	0.0	0.14	0.0	0.0	0.0	1249	4	0.0	0.0	0.0	0
121	0	71.249	397.174	102.385	397.217	08/22/12	0.0	0.11	0.0	0.0	0.0	0	8	0.75	0.0	0.0	0
122	0	113.25	397.174	144.386	397.217	08/24/12	0.0	0.11	0.0	0.0	0.0	0	8	0.75	0.0	0.0	0
123	0	155.251	397.174	178.363	397.217	WBTV	0.0	0.22	0.0	0.0	0.0	1249	4	0.0	0.0	0.0	0
124	0	180.587	397.174	200.587	397.217	News	0.0	0.25	0.0	0.0	0.0	17	4	0.0	0.0	0.0	0
125	0	212.595	397.174	231.715	397.217	Noon	0.0	0.29	0.0	0.0	0.0	200	4	0.0	0.0	0.0	0
126	0	260.252	397.174	296.276	397.217	12-12:30p	0.0	0.22	0.0	0.0	0.0	27	9	0.6666667	0.0	0.0	0
127	0	386.371	397.174	397.491	397.217	:30	0.0	0.2	0.0	0.0	0.0	0	3	0.6666667	0.0	0.0	0
128	0	556.892	397.174	592.476	397.217	$3,600.00	0.0	0.17	0.0	0.0	0.62	0	9	0.6666667	1.0	8.188967	0
129	0	51.749	406.924	68.645	406.967	Start	0.0	0.22	0.0	0.0	0.0	26	5	0.0	0.0	0.0	0
130	0	70.869	406.924	87.765	406.967	Date	0.0	0.24	0.0	0.0	0.0	8	4	0.0	0.0	0.0	0
131	0	99.0	406.924	113.232	406.967	End	0.0	0.3	0.0	0.0	0.0	28	3	0.0	0.0	0.0	0
132	0	115.456	406.924	132.352	406.967	Date	0.0	0.38	0.0	0.0	0.0	8	4	0.0	0.0	0.0	0
133	0	144.751	406.924	182.095	406.967	Weekdays	0.0	0.38	0.0	0.0	0.0	42	8	0.0	0.0	0.0	0
134	0	204.749	406.924	247.877	406.967	Spots/Week	0.0	0.38	0.0	0.0	0.0	33	10	0.0	0.0	0.0	0
135	0	285.001	406.924	301.897	406.967	Rate	0.0	0.38	0.0	0.0	0.0	13	4	0.0	0.0	0.0	0
136	0	25.5	415.924	48.172	415.967	Week:	0.0	0.29	0.0	0.0	0.0	29	5	0.0	0.0	0.0	0
137	0	51.749	415.924	82.885	415.967	08/20/12	0.0	0.2	0.0	0.0	0.0	0	8	0.75	0.0	0.0	0
138	0	99.0	415.924	130.136	415.967	08/26/12	0.0	0.13	0.0	0.0	0.0	0	8	0.75	0.0	0.0	0
139	0	144.751	415.839	178.519	415.876	--WTF--	0.0	0.08	0.0	0.0	0.0	289	7	0.0	0.0	0.0	0
140	0	265.893	415.924	301.477	415.967	$1,200.00	0.0	0.11	0.0	0.0	0.75	0	9	0.6666667	1.0	7.09091	0
141	0	45.0	429.424	68.112	429.467	WBTV	0.0	0.14	0.0	0.0	0.0	1249	4	0.0	0.0	0.0	0
142	0	71.249	429.424	102.385	429.467	08/22/12	0.0	0.11	0.0	0.0	0.0	0	8	0.75	0.0	0.0	0
143	0	113.25	429.424	144.386	429.467	08/24/12	0.0	0.11	0.0	0.0	0.0	0	8	0.75	0.0	0.0	0
144	0	155.251	429.424	178.363	429.467	WBTV	0.0	0.13	0.0	0.0	0.0	1249	4	0.0	0.0	0.0	0
145	0	180.587	429.424	200.587	429.467	News	0.0	0.18	0.0	0.0	0.0	17	4	0.0	0.0	0.0	0
146	0	260.252	429.424	274.468	429.467	M-F	0.0	0.22	0.0	0.0	0.0	47	3	0.0	0.0	0.0	0
147	0	276.692	429.424	303.82	429.467	4-4.30p	0.0	0.22	0.0	0.0	0.0	27	7	0.5714286	0.0	0.0	0
148	0	386.371	429.424	397.491	429.467	:30	0.0	0.17	0.0	0.0	0.0	0	3	0.6666667	0.0	0.0	0
149	0	556.892	429.424	592.476	429.467	$2,550.00	0.0	0.17	0.0	0.0	0.62	0	9	0.6666667	1.0	7.8442407	0
150	0	51.749	439.174	68.645	439.217	Start	0.0	0.22	0.0	0.0	0.0	26	5	0.0	0.0	0.0	0
151	0	70.869	439.174	87.765	439.217	Date	0.0	0.24	0.0	0.0	0.0	8	4	0.0	0.0	0.0	0
152	0	99.0	439.174	113.232	439.217	End	0.0	0.3	0.0	0.0	0.0	28	3	0.0	0.0	0.0	0
153	0	115.456	439.174	132.352	439.217	Date	0.0	0.38	0.0	0.0	0.0	8	4	0.0	0.0	0.0	0
154	0	144.751	439.174	182.095	439.217	Weekdays	0.0	0.38	0.0	0.0	0.0	42	8	0.0	0.0	0.0	0
155	0	204.749	439.174	247.877	439.217	Spots/Week	0.0	0.38	0.0	0.0	0.0	33	10	0.0	0.0	0.0	0
156	0	285.001	439.174	301.897	439.217	Rate	0.0	0.38	0.0	0.0	0.0	13	4	0.0	0.0	0.0	0
157	0	25.5	448.174	48.172	448.217	Week:	0.0	0.29	0.0	0.0	0.0	29	5	0.0	0.0	0.0	0
158	0	51.749	448.174	82.885	448.217	08/20/12	0.0	0.2	0.0	0.0	0.0	0	8	0.75	0.0	0.0	0
159	0	99.0	448.174	130.136	448.217	08/26/12	0.0	0.13	0.0	0.0	0.0	0	8	0.75	0.0	0.0	0
160	0	144.751	448.089	178.519	448.126	--WTF--	0.0	0.08	0.0	0.0	0.0	289	7	0.0	0.0	0.0	0
161	0	272.613	448.174	301.525	448.217	$850.00	0.0	0.11	0.0	0.0	0.8	0	7	0.71428573	1.0	6.7464123	0
162	0	45.0	461.674	68.112	461.717	WBTV	0.0	0.14	0.0	0.0	0.0	1249	4	0.0	0.0	0.0	0
163	0	71.249	461.674	102.385	461.717	08/22/12	0.0	0.11	0.0	0.0	0.0	0	8	0.75	0.0	0.0	0
164	0	113.25	461.674	144.386	461.717	08/24/12	0.0	0.11	0.0	0.0	0.0	0	8	0.75	0.0	0.0	0
165	0	155.251	461.674	178.363	461.717	WBTV	0.0	0.13	0.0	0.0	0.0	1249	4	0.0	0.0	0.0	0
166	0	180.587	461.674	200.587	461.717	News	0.0	0.17	0.0	0.0	0.0	17	4	0.0	0.0	0.0	0
167	0	211.707	461.674	231.723	461.717	4.30p	0.0	0.25	0.0	0.0	0.0	27	5	0.6	0.0	0.0	0
168	0	260.252	461.674	274.468	461.717	M-F	0.0	0.25	0.0	0.0	0.0	47	3	0.0	0.0	0.0	0
169	0	276.692	461.674	308.268	461.717	4.30p-5p	0.0	0.25	0.0	0.0	0.0	72	8	0.5	0.0	0.0	0
170	0	386.371	461.674	397.491	461.717	:30	0.0	0.22	0.0	0.0	0.0	0	3	0.6666667	0.0	0.0	0
171	0	556.892	461.674	592.476	461.717	$3,300.00	0.0	0.17	0.0	0.0	0.62	0	9	0.6666667	1.0	8.101981	0
172	0	51.749	471.424	68.645	471.467	Start	0.0	0.22	0.0	0.0	0.0	26	5	0.0	0.0	0.0	0
173	0	70.869	471.424	87.765	471.467	Date	0.0	0.24	0.0	0.0	0.0	8	4	0.0	0.0	0.0	0
174	0	99.0	471.424	113.232	471.467	End	0.0	0.3	0.0	0.0	0.0	28	3	0.0	0.0	0.0	0
175	0	115.456	471.424	132.352	471.467	Date	0.0	0.38	0.0	0.0	0.0	8	4	0.0	0.0	0.0	0
176	0	144.751	471.424	182.095	471.467	Weekdays	0.0	0.38	0.0	0.0	0.0	42	8	0.0	0.0	0.0	0
177	0	204.749	471.424	247.877	471.467	Spots/Week	0.0	0.38	0.0	0.0	0.0	33	10	0.0	0.0	0.0	0
178	0	285.001	471.424	301.897	471.467	Rate	0.0	0.38	0.0	0.0	0.0	13	4	0.0	0.0	0.0	0
179	0	25.5	480.424	48.172	480.467	Week:	0.0	0.29	0.0	0.0	0.0	29	5	0.0	0.0	0.0	0
180	0	51.749	480.424	82.885	480.467	08/20/12	0.0	0.2	0.0	0.0	0.0	0	8	0.75	0.0	0.0	0
181	0	99.0	480.424	130.136	480.467	08/26/12	0.0	0.13	0.0	0.0	0.0	0	8	0.75	0.0	0.0	0
182	0	144.751	480.339	178.519	480.376	--WTF--	0.0	0.08	0.0	0.0	0.0	289	7	0.0	0.0	0.0	0
183	0	265.893	480.424	301.477	480.467	$1,100.00	0.0	0.11	0.0	0.0	0.75	0	9	0.6666667	1.0	7.003974	0
184	0	45.0	493.924	68.112	493.967	WBTV	0.0	0.14	0.0	0.0	0.0	1249	4	0.0	0.0	0.0	0
185	0	71.249	493.924	102.385	493.967	08/22/12	0.0	0.11	0.0	0.0	0.0	0	8	0.75	0.0	0.0	0
186	0	113.25	493.924	144.386	493.967	08/24/12	0.0	0.11	0.0	0.0	0.0	0	8	0.75	0.0	0.0	0
187	0	155.251	493.924	178.363	493.967	WBTV	0.0	0.13	0.0	0.0	0.0	1249	4	0.0	0.0	0.0	0
188	0	180.587	493.924	200.587	493.967	News	0.0	0.16	0.0	0.0	0.0	17	4	0.0	0.0	0.0	0
189	0	260.252	493.924	291.828	493.967	5p-5:30p	0.0	0.18	0.0	0.0	0.0	72	8	0.5	0.0	0.0	0
190	0	386.371	493.924	397.491	493.967	:30	0.0	0.16	0.0	0.0	0.0	0	3	0.6666667	0.0	0.0	0
191	0	556.892	493.924	592.476	493.967	$4,650.00	0.0	0.17	0.0	0.0	0.62	0	9	0.6666667	1.0	8.444838	0
192	0	51.749	503.674	68.645	503.717	Start	0.0	0.22	0.0	0.0	0.0	26	5	0.0	0.0	0.0	0
193	0	70.869	503.674	87.765	503.717	Date	0.0	0.24	0.0	0.0	0.0	8	4	0.0	0.0	0.0	0
194	0	99.0	503.674	113.232	503.717	End	0.0	0.3	0.0	0.0	0.0	28	3	0.0	0.0	0.0	0
195	0	115.456	503.674	132.352	503.717	Date	0.0	0.38	0.0	0.0	0.0	8	4	0.0	0.0	0.0	0
196	0	144.751	503.674	182.095	503.717	Weekdays	0.0	0.38	0.0	0.0	0.0	42	8	0.0	0.0	0.0	0
197	0	204.749	503.674	247.877	503.717	Spots/Week	0.0	0.38	0.0	0.0	0.0	33	10	0.0	0.0	0.0	0
198	0	285.001	503.674	301.897	503.717	Rate	0.0	0.38	0.0	0.0	0.0	13	4	0.0	0.0	0.0	0
199	0	25.5	512.674	48.172	512.717	Week:	0.0	0.29	0.0	0.0	0.0	29	5	0.0	0.0	0.0	0
200	0	51.749	512.674	82.885	512.717	08/20/12	0.0	0.2	0.0	0.0	0.0	0	8	0.75	0.0	0.0	0
201	0	99.0	512.674	130.136	512.717	08/26/12	0.0	0.13	0.0	0.0	0.0	0	8	0.75	0.0	0.0	0
202	0	144.751	512.589	178.519	512.626	--WTF--	0.0	0.08	0.0	0.0	0.0	289	7	0.0	0.0	0.0	0
203	0	265.893	512.674	301.477	512.717	$1,550.00	0.0	0.11	0.0	0.0	0.75	0	9	0.6666667	1.0	7.3466554	0
204	0	45.0	526.174	68.112	526.217	WBTV	0.0	0.14	0.0	0.0	0.0	1249	4	0.0	0.0	0.0	0
205	0	71.249	526.174	102.385	526.217	08/22/12	0.0	0.11	0.0	0.0	0.0	0	8	0.75	0.0	0.0	0
206	0	113.25	526.174	144.386	526.217	08/24/12	0.0	0.11	0.0	0.0	0.0	0	8	0.75	0.0	0.0	0
207	0	155.251	526.174	178.363	526.217	WBTV	0.0	0.13	0.0	0.0	0.0	1249	4	0.0	0.0	0.0	0
208	0	180.587	526.174	200.587	526.217	News	0.0	0.17	0.0	0.0	0.0	17	4	0.0	0.0	0.0	0
209	0	211.707	526.174	229.499	526.217	530p	0.0	0.26	0.0	0.0	0.0	27	4	0.75	0.0	0.0	0
210	0	260.252	526.174	274.468	526.217	M-F	0.0	0.26	0.0	0.0	0.0	47	3	0.0	0.0	0.0	0
211	0	276.692	526.174	306.044	526.217	530p-6p	0.0	0.26	0.0	0.0	0.0	72	7	0.5714286	0.0	0.0	0
212	0	386.371	526.174	397.491	526.217	:30	0.0	0.23	0.0	0.0	0.0	0	3	0.6666667	0.0	0.0	0
213	0	556.892	526.174	592.476	526.217	$4,950.00	0.0	0.17	0.0	0.0	0.62	0	9	0.6666667	1.0	8.507345	0
214	0	51.749	535.924	68.645	535.967	Start	0.0	0.22	0.0	0.0	0.0	26	5	0.0	0.0	0.0	0
215	0	70.869	535.924	87.765	535.967	Date	0.0	0.24	0.0	0.0	0.0	8	4	0.0	0.0	0.0	0
216	0	99.0	535.924	113.232	535.967	End	0.0	0.3	0.0	0.0	0.0	28	3	0.0	0.0	0.0	0
217	0	115.456	535.924	132.352	535.967	Date	0.0	0.38	0.0	0.0	0.0	8	4	0.0	0.0	0.0	0
218	0	144.751	535.924	182.095	535.967	Weekdays	0.0	0.38	0.0	0.0	0.0	42	8	0.0	0.0	0.0	0
219	0	204.749	535.924	247.877	535.967	Spots/Week	0.0	0.38	0.0	0.0	0.0	33	10	0.0	0.0	0.0	0
220	0	285.001	535.924	301.897	535.967	Rate	0.0	0.38	0.0	0.0	0.0	13	4	0.0	0.0	0.0	0
221	0	25.5	544.924	48.172	544.967	Week:	0.0	0.29	0.0	0.0	0.0	29	5	0.0	0.0	0.0	0
222	0	51.749	544.924	82.885	544.967	08/20/12	0.0	0.2	0.0	0.0	0.0	0	8	0.75	0.0	0.0	0
223	0	99.0	544.924	130.136	544.967	08/26/12	0.0	0.13	0.0	0.0	0.0	0	8	0.75	0.0	0.0	0
224	0	144.751	544.839	178.519	544.876	--WTF--	0.0	0.08	0.0	0.0	0.0	289	7	0.0	0.0	0.0	0
225	0	265.893	544.924	301.477	544.967	$1,650.00	0.0	0.11	0.0	0.0	0.75	0	9	0.6666667	1.0	7.4091363	0
226	0	45.0	558.424	68.112	558.467	WBTV	0.0	0.14	0.0	0.0	0.0	1249	4	0.0	0.0	0.0	0
227	0	71.249	558.424	102.385	558.467	08/22/12	0.0	0.11	0.0	0.0	0.0	0	8	0.75	0.0	0.0	0
228	0	113.25	558.424	144.386	558.467	08/24/12	0.0	0.11	0.0	0.0	0.0	0	8	0.75	0.0	0.0	0
229	0	155.251	558.424	178.363	558.467	WBTV	0.0	0.13	0.0	0.0	0.0	1249	4	0.0	0.0	0.0	0
230	0	180.587	558.424	200.587	558.467	News	0.0	0.18	0.0	0.0	0.0	17	4	0.0	0.0	0.0	0
231	0	260.252	558.424	274.468	558.467	M-F	0.0	0.28	0.0	0.0	0.0	47	3	0.0	0.0	0.0	0
232	0	276.692	558.424	306.044	558.467	6p-630p	0.0	0.28	0.0	0.0	0.0	72	7	0.5714286	0.0	0.0	0
233	0	386.371	558.424	397.491	558.467	:30	0.0	0.23	0.0	0.0	0.0	0	3	0.6666667	0.0	0.0	0
234	0	556.892	558.424	592.476	558.467	$6,000.00	0.0	0.17	0.0	0.0	0.62	0	9	0.6666667	1.0	8.699681	0
235	0	51.749	568.174	68.645	568.217	Start	0.0	0.22	0.0	0.0	0.0	26	5	0.0	0.0	0.0	0
236	0	70.869	568.174	87.765	568.217	Date	0.0	0.24	0.0	0.0	0.0	8	4	0.0	0.0	0.0	0
237	0	99.0	568.174	113.232	568.217	End	0.0	0.3	0.0	0.0	0.0	28	3	0.0	0.0	0.0	0
238	0	115.456	568.174	132.352	568.217	Date	0.0	0.38	0.0	0.0	0.0	8	4	0.0	0.0	0.0	0
239	0	144.751	568.174	182.095	568.217	Weekdays	0.0	0.38	0.0	0.0	0.0	42	8	0.0	0.0	0.0	0
240	0	204.749	568.174	247.877	568.217	Spots/Week	0.0	0.38	0.0	0.0	0.0	33	10	0.0	0.0	0.0	0
241	0	285.001	568.174	301.897	568.217	Rate	0.0	0.38	0.0	0.0	0.0	13	4	0.0	0.0	0.0	0
242	0	25.5	577.174	48.172	577.217	Week:	0.0	0.29	0.0	0.0	0.0	29	5	0.0	0.0	0.0	0
243	0	51.749	577.174	82.885	577.217	08/20/12	0.0	0.2	0.0	0.0	0.0	0	8	0.75	0.0	0.0	0
244	0	99.0	577.174	130.136	577.217	08/26/12	0.0	0.13	0.0	0.0	0.0	0	8	0.75	0.0	0.0	0
245	0	144.751	577.089	178.519	577.126	--WTF--	0.0	0.08	0.0	0.0	0.0	289	7	0.0	0.0	0.0	0
246	0	265.893	577.174	301.477	577.217	$2,000.00	0.0	0.11	0.0	0.0	0.62	0	9	0.6666667	1.0	7.6014023	0
247	0	45.0	590.674	68.112	590.717	WBTV	0.0	0.14	0.0	0.0	0.0	1249	4	0.0	0.0	0.0	0
248	0	71.249	590.674	102.385	590.717	08/22/12	0.0	0.11	0.0	0.0	0.0	0	8	0.75	0.0	0.0	0
249	0	113.25	590.674	144.386	590.717	08/24/12	0.0	0.17	0.0	0.0	0.0	0	8	0.75	0.0	0.0	0
250	0	155.251	590.674	178.363	590.717	WBTV	0.0	0.21	0.0	0.0	0.0	1249	4	0.0	0.0	0.0	0
251	0	180.587	590.674	200.587	590.717	News	0.0	0.27	0.0	0.0	0.0	17	4	0.0	0.0	0.0	0
252	0	202.811	590.674	238.811	590.717	Primetime	0.0	0.29	0.0	0.0	0.0	814	9	0.0	0.0	0.0	0
253	0	260.252	590.674	274.468	590.717	M-F	0.0	0.29	0.0	0.0	0.0	47	3	0.0	0.0	0.0	0
254	0	276.692	590.674	306.044	590.717	7p-730p	0.0	0.29	0.0	0.0	0.0	72	7	0.5714286	0.0	0.0	0
255	0	386.371	590.674	397.491	590.717	:30	0.0	0.27	0.0	0.0	0.0	0	3	0.6666667	0.0	0.0	0
256	0	556.892	590.674	592.476	590.717	$4,500.00	0.0	0.17	0.0	0.0	0.62	0	9	0.6666667	1.0	8.412055	0
257	0	51.749	600.424	68.645	600.467	Start	0.0	0.22	0.0	0.0	0.0	26	5	0.0	0.0	0.0	0
258	0	70.869	600.424	87.765	600.467	Date	0.0	0.24	0.0	0.0	0.0	8	4	0.0	0.0	0.0	0
259	0	99.0	600.424	113.232	600.467	End	0.0	0.3	0.0	0.0	0.0	28	3	0.0	0.0	0.0	0
260	0	115.456	600.424	132.352	600.467	Date	0.0	0.38	0.0	0.0	0.0	8	4	0.0	0.0	0.0	0
261	0	144.751	600.424	182.095	600.467	Weekdays	0.0	0.38	0.0	0.0	0.0	42	8	0.0	0.0	0.0	0
262	0	204.749	600.424	247.877	600.467	Spots/Week	0.0	0.38	0.0	0.0	0.0	33	10	0.0	0.0	0.0	0
263	0	285.001	600.424	301.897	600.467	Rate	0.0	0.38	0.0	0.0	0.0	13	4	0.0	0.0	0.0	0
264	0	25.5	609.424	48.172	609.467	Week:	0.0	0.29	0.0	0.0	0.0	29	5	0.0	0.0	0.0	0
265	0	51.749	609.424	82.885	609.467	08/20/12	0.0	0.2	0.0	0.0	0.0	0	8	0.75	0.0	0.0	0
266	0	99.0	609.424	130.136	609.467	08/26/12	0.0	0.13	0.0	0.0	0.0	0	8	0.75	0.0	0.0	0
267	0	144.751	609.339	178.519	609.376	--WTF--	0.0	0.08	0.0	0.0	0.0	289	7	0.0	0.0	0.0	0
268	0	265.893	609.424	301.477	609.467	$1,500.00	0.0	0.11	0.0	0.0	0.75	0	9	0.6666667	1.0	7.3138866	0
269	0	45.0	622.924	68.112	622.967	WBTV	0.0	0.14	0.0	0.0	0.0	1249	4	0.0	0.0	0.0	0
270	0	71.249	622.924	102.385	622.967	08/22/12	0.0	0.12	0.0	0.0	0.0	0	8	0.75	0.0	0.0	0
271	0	113.25	622.924	144.386	622.967	08/24/12	0.0	0.2	0.0	0.0	0.0	0	8	0.75	0.0	0.0	0
272	0	155.251	622.924	191.251	622.967	Millionaire	0.0	0.23	0.0	0.0	0.0	398	11	0.0	0.0	0.0	0
273	0	260.252	622.924	274.468	622.967	M-F	0.0	0.25	0.0	0.0	0.0	47	3	0.0	0.0	0.0	0
274	0	276.692	622.924	306.044	622.967	730p-8p	0.0	0.25	0.0	0.0	0.0	72	7	0.5714286	0.0	0.0	0
275	0	386.371	622.924	397.491	622.967	:30	0.0	0.23	0.0	0.0	0.0	0	3	0.6666667	0.0	0.0	0
276	0	556.892	622.924	592.476	622.967	$4,500.00	0.0	0.17	0.0	0.0	0.62	0	9	0.6666667	1.0	8.412055	0
277	0	51.749	632.674	68.645	632.717	Start	0.0	0.22	0.0	0.0	0.0	26	5	0.0	0.0	0.0	0
278	0	70.869	632.674	87.765	632.717	Date	0.0	0.24	0.0	0.0	0.0	8	4	0.0	0.0	0.0	0
279	0	99.0	632.674	113.232	632.717	End	0.0	0.3	0.0	0.0	0.0	28	3	0.0	0.0	0.0	0
280	0	115.456	632.674	132.352	632.717	Date	0.0	0.38	0.0	0.0	0.0	8	4	0.0	0.0	0.0	0
281	0	144.751	632.674	182.095	632.717	Weekdays	0.0	0.38	0.0	0.0	0.0	42	8	0.0	0.0	0.0	0
282	0	204.749	632.674	247.877	632.717	Spots/Week	0.0	0.38	0.0	0.0	0.0	33	10	0.0	0.0	0.0	0
283	0	285.001	632.674	301.897	632.717	Rate	0.0	0.38	0.0	0.0	0.0	13	4	0.0	0.0	0.0	0
284	0	25.5	641.674	48.172	641.717	Week:	0.0	0.29	0.0	0.0	0.0	29	5	0.0	0.0	0.0	0
285	0	51.749	641.674	82.885	641.717	08/20/12	0.0	0.2	0.0	0.0	0.0	0	8	0.75	0.0	0.0	0
286	0	99.0	641.674	130.136	641.717	08/26/12	0.0	0.13	0.0	0.0	0.0	0	8	0.75	0.0	0.0	0
287	0	144.751	641.589	178.519	641.626	--WTF--	0.0	0.08	0.0	0.0	0.0	289	7	0.0	0.0	0.0	0
288	0	265.893	641.674	301.477	641.717	$1,500.00	0.0	0.11	0.0	0.0	0.75	0	9	0.6666667	1.0	7.3138866	0
289	0	45.0	655.174	68.112	655.217	WBTV	0.0	0.14	0.0	0.0	0.0	1249	4	0.0	0.0	0.0	0
290	0	71.249	655.174	102.385	655.217	08/22/12	0.0	0.19	0.0	0.0	0.0	0	8	0.75	0.0	0.0	0
291	0	113.25	655.174	144.386	655.217	08/23/12	0.0	0.23	0.0	0.0	0.0	0	8	0.75	0.0	0.0	0
292	0	155.251	655.174	175.699	655.217	David	0.0	0.28	0.0	0.0	0.0	406	5	0.0	0.0	0.0	0
293	0	177.923	655.174	213.939	655.217	Letterman	0.0	0.28	0.0	0.0	0.0	428	9	0.0	0.0	0.0	0
294	0	260.252	655.174	302.948	655.217	1135-1237a	0.0	0.22	0.0	0.0	0.0	16	10	0.8	0.0	0.0	0
295	0	386.371	655.174	397.491	655.217	:30	0.0	0.2	0.0	0.0	0.0	0	3	0.6666667	0.0	0.0	0
296	0	556.892	655.174	592.476	655.217	$4,500.00	0.0	0.17	0.0	0.0	0.62	0	9	0.6666667	1.0	8.412055	0
297	0	51.749	664.924	68.645	664.967	Start	0.0	0.22	0.0	0.0	0.0	26	5	0.0	0.0	0.0	0
298	0	70.869	664.924	87.765	664.967	Date	0.0	0.24	0.0	0.0	0.0	8	4	0.0	0.0	0.0	0
299	0	99.0	664.924	113.232	664.967	End	0.0	0.3	0.0	0.0	0.0	28	3	0.0	0.0	0.0	0
300	0	115.456	664.924	132.352	664.967	Date	0.0	0.38	0.0	0.0	0.0	8	4	0.0	0.0	0.0	0
301	0	144.751	664.924	182.095	664.967	Weekdays	0.0	0.38	0.0	0.0	0.0	42	8	0.0	0.0	0.0	0
302	0	204.749	664.924	247.877	664.967	Spots/Week	0.0	0.38	0.0	0.0	0.0	33	10	0.0	0.0	0.0	0
303	0	285.001	664.924	301.897	664.967	Rate	0.0	0.38	0.0	0.0	0.0	13	4	0.0	0.0	0.0	0
304	0	25.5	673.924	48.172	673.967	Week:	0.0	0.29	0.0	0.0	0.0	29	5	0.0	0.0	0.0	0
305	0	51.749	673.924	82.885	673.967	08/20/12	0.0	0.2	0.0	0.0	0.0	0	8	0.75	0.0	0.0	0
306	0	99.0	673.924	130.136	673.967	08/26/12	0.0	0.13	0.0	0.0	0.0	0	8	0.75	0.0	0.0	0
307	0	144.751	673.839	178.519	673.876	--WT---	0.0	0.12	0.0	0.0	0.0	695	7	0.0	0.0	0.0	0
308	0	272.613	673.924	301.525	673.967	$750.00	0.0	0.11	0.0	0.0	0.67	0	7	0.71428573	1.0	6.6214056	0
309	0	45.0	687.424	68.112	687.467	WBTV	0.0	0.14	0.0	0.0	0.0	1249	4	0.0	0.0	0.0	0
310	0	71.249	687.424	102.385	687.467	08/22/12	0.0	0.11	0.0	0.0	0.0	0	8	0.75	0.0	0.0	0
311	0	113.25	687.424	144.386	687.467	08/24/12	0.0	0.11	0.0	0.0	0.0	0	8	0.75	0.0	0.0	0
312	0	155.251	687.424	178.363	687.467	WBTV	0.0	0.13	0.0	0.0	0.0	1249	4	0.0	0.0	0.0	0
313	0	180.587	687.424	200.587	687.467	News	0.0	0.15	0.0	0.0	0.0	17	4	0.0	0.0	0.0	0
314	0	260.252	687.424	285.156	687.467	5-530a	0.0	0.13	0.0	0.0	0.0	16	6	0.6666667	0.0	0.0	0
315	0	386.371	687.424	397.491	687.467	:30	0.0	0.12	0.0	0.0	0.0	0	3	0.6666667	0.0	0.0	0
316	0	556.892	687.424	592.476	687.467	$1,875.00	0.0	0.17	0.0	0.0	0.75	0	9	0.6666667	1.0	7.536897	0
317	0	51.749	697.174	68.645	697.217	Start	0.0	0.22	0.0	0.0	0.0	26	5	0.0	0.0	0.0	0
318	0	70.869	697.174	87.765	697.217	Date	0.0	0.24	0.0	0.0	0.0	8	4	0.0	0.0	0.0	0
319	0	99.0	697.174	113.232	697.217	End	0.0	0.3	0.0	0.0	0.0	28	3	0.0	0.0	0.0	0
320	0	115.456	697.174	132.352	697.217	Date	0.0	0.38	0.0	0.0	0.0	8	4	0.0	0.0	0.0	0
321	0	144.751	697.174	182.095	697.217	Weekdays	0.0	0.38	0.0	0.0	0.0	42	8	0.0	0.0	0.0	0
322	0	204.749	697.174	247.877	697.217	Spots/Week	0.0	0.38	0.0	0.0	0.0	33	10	0.0	0.0	0.0	0
323	0	285.001	697.174	301.897	697.217	Rate	0.0	0.38	0.0	0.0	0.0	13	4	0.0	0.0	0.0	0
324	0	213.517	729.694	228.637	729.737	Line	0.0	0.36	0.0	0.0	0.0	89	4	0.0	0.0	0.0	0
325	0	230.861	729.694	278.877	729.737	Transactions:	0.0	0.36	0.0	0.0	0.0	148	13	0.0	0.0	0.0	0
326	0	298.221	729.694	316.445	729.737	New,	0.0	0.34	0.0	0.0	0.0	46	4	0.0	0.0	0.0	0
327	0	333.125	729.694	358.029	729.737	Edited,	0.0	0.26	0.0	0.0	0.0	149	7	0.0	0.0	0.0	0
328	0	375.149	729.694	405.381	729.737	Deleted)	0.0	0.24	0.0	0.0	0.0	147	8	0.0	0.0	0.0	0
329	0	21.45	737.261	64.134	737.294	Notwithstanding	0.0	0.24	0.0	0.0	0.0	180	15	0.0	0.0	0.0	0
330	0	72.474	737.261	88.476	737.294	whom	0.0	0.28	0.0	0.0	0.0	184	4	0.0	0.0	0.0	0
331	0	90.144	737.261	100.476	737.294	bills	0.0	0.31	0.0	0.0	0.0	186	5	0.0	0.0	0.0	0
332	0	102.144	737.261	110.814	737.294	are	0.0	0.35	0.0	0.0	0.0	127	3	0.0	0.0	0.0	0
333	0	112.482	737.261	138.162	737.294	rendered,	0.0	0.35	0.0	0.0	0.0	185	9	0.0	0.0	0.0	0
334	0	139.83	737.261	167.838	737.294	advertiser,	0.0	0.42	0.0	0.0	0.0	6	11	0.0	0.0	0.0	0
335	0	169.506	737.261	188.85	737.294	agency	0.0	0.41	0.0	0.0	0.0	2	6	0.0	0.0	0.0	0
336	0	190.518	737.261	200.526	737.294	and	0.0	0.4	0.0	0.0	0.0	77	3	0.0	0.0	0.0	0
337	0	202.194	737.261	222.864	737.294	service,	0.0	0.4	0.0	0.0	0.0	169	8	0.0	0.0	0.0	0
338	0	224.532	737.261	239.868	737.294	jointly	0.0	0.4	0.0	0.0	0.0	155	7	0.0	0.0	0.0	0
339	0	241.536	737.261	251.544	737.294	and	0.0	0.4	0.0	0.0	0.0	77	3	0.0	0.0	0.0	0
340	0	253.212	737.261	278.55	737.294	severally,	0.0	0.4	0.0	0.0	0.0	151	10	0.0	0.0	0.0	0
341	0	280.218	737.261	292.554	737.294	shall	0.0	0.25	0.0	0.0	0.0	137	5	0.0	0.0	0.0	0
342	0	294.222	737.261	312.558	737.294	remain	0.0	0.24	0.0	0.0	0.0	179	6	0.0	0.0	0.0	0
343	0	314.226	737.261	338.574	737.294	obligated	0.0	0.22	0.0	0.0	0.0	181	9	0.0	0.0	0.0	0
344	0	346.914	737.261	356.586	737.294	pay	0.0	0.24	0.0	0.0	0.0	178	3	0.0	0.0	0.0	0
345	0	364.926	737.261	382.602	737.294	station	0.0	0.24	0.0	0.0	0.0	57	7	0.0	0.0	0.0	0
346	0	384.27	737.261	392.61	737.294	the	0.0	0.28	0.0	0.0	0.0	44	3	0.0	0.0	0.0	0
347	0	394.278	737.261	414.288	737.294	amount	0.0	0.3	0.0	0.0	0.0	25	6	0.0	0.0	0.0	0
348	0	422.628	737.261	432.3	737.294	any	0.0	0.3	0.0	0.0	0.0	126	3	0.0	0.0	0.0	0
349	0	433.968	737.261	444.3	737.294	bills	0.0	0.26	0.0	0.0	0.0	186	5	0.0	0.0	0.0	0
350	0	445.968	737.261	469.98	737.294	rendered	0.0	0.27	0.0	0.0	0.0	185	8	0.0	0.0	0.0	0
351	0	479.652	737.261	497.328	737.294	station	0.0	0.29	0.0	0.0	0.0	57	7	0.0	0.0	0.0	0
352	0	498.996	737.261	514.332	737.294	within	0.0	0.29	0.0	0.0	0.0	167	6	0.0	0.0	0.0	0
353	0	516.0	737.261	524.34	737.294	the	0.0	0.32	0.0	0.0	0.0	44	3	0.0	0.0	0.0	0
354	0	526.008	737.261	537.342	737.294	time	0.0	0.34	0.0	0.0	0.0	22	4	0.0	0.0	0.0	0
355	0	539.01	737.261	562.686	737.294	specified	0.0	0.34	0.0	0.0	0.0	153	9	0.0	0.0	0.0	0
356	0	564.354	737.261	574.362	737.294	and	0.0	0.33	0.0	0.0	0.0	77	3	0.0	0.0	0.0	0
357	0	576.03	737.261	587.034	737.294	until	0.0	0.33	0.0	0.0	0.0	177	5	0.0	0.0	0.0	0
358	0	29.31	744.341	52.32	744.374	payment	0.0	0.34	0.0	0.0	0.0	118	7	0.0	0.0	0.0	0
359	0	60.324	744.341	67.992	744.374	full	0.0	0.34	0.0	0.0	0.0	176	4	0.0	0.0	0.0	0
360	0	75.66	744.341	98.334	744.374	received	0.0	0.25	0.0	0.0	0.0	164	8	0.0	0.0	0.0	0
361	0	108.006	744.341	127.35	744.374	station.	0.0	0.31	0.0	0.0	0.0	57	8	0.0	0.0	0.0	0
362	0	130.686	744.341	154.362	744.374	Payment	0.0	0.39	0.0	0.0	0.0	118	7	0.0	0.0	0.0	0
363	0	164.034	744.341	190.374	744.374	advertiser	0.0	0.47	0.0	0.0	0.0	6	10	0.0	0.0	0.0	0
364	0	198.714	744.341	218.058	744.374	agency	0.0	0.45	0.0	0.0	0.0	2	6	0.0	0.0	0.0	0
365	0	233.4	744.341	252.402	744.374	service	0.0	0.5	0.0	0.0	0.0	169	7	0.0	0.0	0.0	0
366	0	261.072	744.341	284.082	744.374	payment	0.0	0.5	0.0	0.0	0.0	118	7	0.0	0.0	0.0	0
367	0	293.754	744.341	313.098	744.374	agency	0.0	0.32	0.0	0.0	0.0	2	6	0.0	0.0	0.0	0
368	0	321.438	744.341	342.108	744.374	service,	0.0	0.42	0.0	0.0	0.0	169	8	0.0	0.0	0.0	0
369	0	343.776	744.341	356.112	744.374	shall	0.0	0.42	0.0	0.0	0.0	137	5	0.0	0.0	0.0	0
370	0	357.78	744.341	366.12	744.374	not	0.0	0.42	0.0	0.0	0.0	117	3	0.0	0.0	0.0	0
371	0	367.788	744.341	393.468	744.374	constitute	0.0	0.38	0.0	0.0	0.0	156	10	0.0	0.0	0.0	0
372	0	395.136	744.341	418.146	744.374	payment	0.0	0.36	0.0	0.0	0.0	118	7	0.0	0.0	0.0	0
373	0	426.486	744.341	445.83	744.374	station.	0.0	0.36	0.0	0.0	0.0	57	8	0.0	0.0	0.0	0
374	0	449.166	744.341	467.844	744.374	Station	0.0	0.35	0.0	0.0	0.0	57	7	0.0	0.0	0.0	0
375	0	469.512	744.341	477.84	744.374	will	0.0	0.28	0.0	0.0	0.0	174	4	0.0	0.0	0.0	0
376	0	479.508	744.341	487.848	744.374	not	0.0	0.28	0.0	0.0	0.0	117	3	0.0	0.0	0.0	0
377	0	497.856	744.341	514.536	744.374	bound	0.0	0.19	0.0	0.0	0.0	202	5	0.0	0.0	0.0	0
378	0	524.208	744.341	552.888	744.374	conditions,	0.0	0.24	0.0	0.0	0.0	125	11	0.0	0.0	0.0	0
379	0	554.556	744.341	572.898	744.374	printed	0.0	0.32	0.0	0.0	0.0	159	7	0.0	0.0	0.0	0
380	0	121.83	751.421	149.172	751.454	otherwise,	0.0	0.38	0.0	0.0	0.0	146	10	0.0	0.0	0.0	0
381	0	159.18	751.421	185.19	751.454	contracts,	0.0	0.38	0.0	0.0	0.0	130	10	0.0	0.0	0.0	0
382	0	186.858	751.421	209.532	751.454	insertion	0.0	0.43	0.0	0.0	0.0	208	9	0.0	0.0	0.0	0
383	0	211.2	751.421	229.872	751.454	orders,	0.0	0.43	0.0	0.0	0.0	54	7	0.0	0.0	0.0	0
384	0	231.54	751.421	244.212	751.454	copy	0.0	0.43	0.0	0.0	0.0	206	4	0.0	0.0	0.0	0
385	0	245.88	751.421	276.222	751.454	instructions	0.0	0.38	0.0	0.0	0.0	172	12	0.0	0.0	0.0	0
386	0	284.892	751.421	294.564	751.454	any	0.0	0.44	0.0	0.0	0.0	126	3	0.0	0.0	0.0	0
387	0	296.232	751.421	339.252	751.454	correspondence	0.0	0.44	0.0	0.0	0.0	183	14	0.0	0.0	0.0	0
388	0	340.92	751.421	355.26	751.454	when	0.0	0.4	0.0	0.0	0.0	204	4	0.0	0.0	0.0	0
389	0	356.928	751.421	369.6	751.454	such	0.0	0.34	0.0	0.0	0.0	168	4	0.0	0.0	0.0	0
390	0	371.268	751.421	389.94	751.454	conflict	0.0	0.24	0.0	0.0	0.0	207	8	0.0	0.0	0.0	0
391	0	391.608	751.421	402.276	751.454	with	0.0	0.24	0.0	0.0	0.0	101	4	0.0	0.0	0.0	0
392	0	403.944	751.421	412.284	751.454	the	0.0	0.26	0.0	0.0	0.0	44	3	0.0	0.0	0.0	0
393	0	413.952	751.421	430.296	751.454	above	0.0	0.35	0.0	0.0	0.0	135	5	0.0	0.0	0.0	0
394	0	431.964	751.421	446.964	751.454	terms	0.0	0.35	0.0	0.0	0.0	100	5	0.0	0.0	0.0	0
395	0	448.632	751.421	458.64	751.454	and	0.0	0.35	0.0	0.0	0.0	77	3	0.0	0.0	0.0	0
396	0	460.308	751.421	488.988	751.454	conditions.	0.0	0.35	0.0	0.0	0.0	125	11	0.0	0.0	0.0	0
397	0	19.41	765.581	30.744	765.614	This	0.0	0.31	0.0	0.0	0.0	82	4	0.0	0.0	0.0	0
398	0	32.412	765.581	50.088	765.614	station	0.0	0.28	0.0	0.0	0.0	57	7	0.0	0.0	0.0	0
399	0	51.756	765.581	64.764	765.614	does	0.0	0.28	0.0	0.0	0.0	212	4	0.0	0.0	0.0	0
400	0	66.432	765.581	74.772	765.614	not	0.0	0.28	0.0	0.0	0.0	117	3	0.0	0.0	0.0	0
401	0	76.44	765.581	108.444	765.614	discriminate	0.0	0.25	0.0	0.0	0.0	197	12	0.0	0.0	0.0	0
402	0	116.448	765.581	145.458	765.614	advertising	0.0	0.34	0.0	0.0	0.0	157	11	0.0	0.0	0.0	0
403	0	147.126	765.581	171.468	765.614	contracts	0.0	0.34	0.0	0.0	0.0	130	9	0.0	0.0	0.0	0
404	0	181.476	765.581	189.816	765.614	the	0.0	0.34	0.0	0.0	0.0	44	3	0.0	0.0	0.0	0
405	0	191.484	765.581	205.488	765.614	basis	0.0	0.28	0.0	0.0	0.0	195	5	0.0	0.0	0.0	0
406	0	213.828	765.581	225.498	765.614	race	0.0	0.42	0.0	0.0	0.0	188	4	0.0	0.0	0.0	0
407	0	234.168	765.581	257.844	765.614	ethnicity.	0.0	0.45	0.0	0.0	0.0	199	10	0.0	0.0	0.0	0
408	0	261.18	765.581	271.518	765.614	Any	0.0	0.45	0.0	0.0	0.0	126	3	0.0	0.0	0.0	0
409	0	273.186	765.581	297.192	765.614	provision	0.0	0.45	0.0	0.0	0.0	296	9	0.0	0.0	0.0	0
410	0	305.196	765.581	314.868	765.614	any	0.0	0.41	0.0	0.0	0.0	126	3	0.0	0.0	0.0	0
411	0	316.536	765.581	330.54	765.614	order	0.0	0.34	0.0	0.0	0.0	9	5	0.0	0.0	0.0	0
412	0	339.21	765.581	367.89	765.614	agreement	0.0	0.45	0.0	0.0	0.0	115	9	0.0	0.0	0.0	0
413	0	369.558	765.581	376.56	765.614	for	0.0	0.45	0.0	0.0	0.0	50	3	0.0	0.0	0.0	0
414	0	378.228	765.581	407.238	765.614	advertising	0.0	0.45	0.0	0.0	0.0	157	11	0.0	0.0	0.0	0
415	0	408.906	765.581	418.914	765.614	that	0.0	0.45	0.0	0.0	0.0	173	4	0.0	0.0	0.0	0
416	0	420.582	765.581	442.59	765.614	purports	0.0	0.36	0.0	0.0	0.0	348	8	0.0	0.0	0.0	0
417	0	450.93	765.581	482.934	765.614	discriminate	0.0	0.27	0.0	0.0	0.0	197	12	0.0	0.0	0.0	0
418	0	492.942	765.581	501.282	765.614	the	0.0	0.27	0.0	0.0	0.0	44	3	0.0	0.0	0.0	0
419	0	502.95	765.581	516.954	765.614	basis	0.0	0.28	0.0	0.0	0.0	195	5	0.0	0.0	0.0	0
420	0	525.294	765.581	536.964	765.614	race	0.0	0.42	0.0	0.0	0.0	188	4	0.0	0.0	0.0	0
421	0	545.634	765.581	569.31	765.614	ethnicity,	0.0	0.42	0.0	0.0	0.0	199	10	0.0	0.0	0.0	0
422	0	570.978	765.581	583.986	765.614	even	0.0	0.38	0.0	0.0	0.0	336	4	0.0	0.0	0.0	0
423	0	190.77	772.661	223.452	772.694	handwritten,	0.0	0.36	0.0	0.0	0.0	349	12	0.0	0.0	0.0	0
424	0	225.12	772.661	239.796	772.694	typed	0.0	0.36	0.0	0.0	0.0	350	5	0.0	0.0	0.0	0
425	0	248.466	772.661	274.14	772.694	otherwise	0.0	0.32	0.0	0.0	0.0	146	9	0.0	0.0	0.0	0
426	0	275.808	772.661	290.814	772.694	made	0.0	0.3	0.0	0.0	0.0	252	4	0.0	0.0	0.0	0
427	0	297.486	772.661	307.824	772.694	part	0.0	0.31	0.0	0.0	0.0	236	4	0.0	0.0	0.0	0
428	0	321.168	772.661	345.84	772.694	particular	0.0	0.39	0.0	0.0	0.0	251	10	0.0	0.0	0.0	0
429	0	347.508	772.661	370.518	772.694	contract,	0.0	0.39	0.0	0.0	0.0	53	9	0.0	0.0	0.0	0
430	0	378.186	772.661	396.528	772.694	hereby	0.0	0.29	0.0	0.0	0.0	218	6	0.0	0.0	0.0	0
431	0	398.196	772.661	421.206	772.694	rejected.	0.0	0.22	0.0	0.0	0.0	332	9	0.0	0.0	0.0	0
432	1	18.0	25.174	48.232	25.217	Contract	0.0	0.27	0.0	0.0	0.0	53	8	0.0	0.0	0.0	0
433	1	50.456	25.174	89.584	25.217	Agreement	0.0	0.32	0.0	0.0	0.0	115	9	0.0	0.0	0.0	0
434	1	91.808	25.174	125.16	25.217	Between:	0.0	0.32	0.0	0.0	0.0	120	8	0.0	0.0	0.0	0
435	1	433.023	25.174	449.471	25.217	Print	0.0	0.32	0.0	0.0	0.0	37	5	0.0	0.0	0.0	0
436	1	451.695	25.174	468.591	25.217	Date	0.0	0.29	0.0	0.0	0.0	8	4	0.0	0.0	0.0	0
437	1	474.001	25.174	505.137	25.217	08/06/12	0.0	0.23	0.0	0.0	0.0	0	8	0.75	0.0	0.0	0
438	1	533.251	25.174	551.931	25.217	Page	0.0	0.23	0.0	0.0	0.0	7	4	0.0	0.0	0.0	0
439	1	406.681	55.174	436.913	55.217	Contract	0.0	0.24	0.0	0.0	0.0	53	8	0.0	0.0	0.0	0
440	1	443.585	55.174	474.257	55.217	Revision	0.0	0.24	0.0	0.0	0.0	75	8	0.0	0.0	0.0	0
441	1	495.842	55.174	505.178	55.217	Alt	0.0	0.24	0.0	0.0	0.0	31	3	0.0	0.0	0.0	0
442	1	507.402	55.174	527.85	55.217	Order	0.0	0.23	0.0	0.0	0.0	9	5	0.0	0.0	0.0	0
443	1	119.999	60.957	149.439	61.012	WBTV	0.0	0.23	0.0	0.0	0.0	1249	4	0.0	0.0	0.0	0
444	1	417.001	67.174	443.689	67.217	805046	0.0	0.16	0.0	0.0	0.67	0	6	1.0	1.0	13.598656	0
445	1	495.842	67.174	531.426	67.217	06263980	0.0	0.23	0.0	0.0	0.53	0	8	1.0	1.0	15.650327	0
446	1	119.999	72.957	139.449	73.012	One	0.0	0.29	0.0	0.0	0.0	778	3	0.0	0.0	0.0	0
447	1	142.229	72.957	171.129	73.012	Julian	0.0	0.32	0.0	0.0	0.0	1400	6	0.0	0.0	0.0	0
448	1	173.909	72.957	198.369	73.012	Price	0.0	0.32	0.0	0.0	0.0	295	5	0.0	0.0	0.0	0
449	1	201.149	72.957	227.279	73.012	Place	0.0	0.32	0.0	0.0	0.0	300	5	0.0	0.0	0.0	0
450	1	119.999	84.957	166.669	85.012	Charlotte,	0.0	0.29	0.0	0.0	0.0	674	10	0.0	0.0	0.0	0
451	1	189.449	84.957	217.249	85.012	28208	0.0	0.3	0.0	0.0	0.59	0	5	1.0	1.0	10.247396	0
452	1	309.002	85.174	339.234	85.217	Contract	0.0	0.33	0.0	0.0	0.0	53	8	0.0	0.0	0.0	0
453	1	341.458	85.174	362.354	85.217	Dates	0.0	0.41	0.0	0.0	0.0	18	5	0.0	0.0	0.0	0
454	1	405.751	85.174	433.319	85.217	Product	0.0	0.41	0.0	0.0	0.0	5	7	0.0	0.0	0.0	0
455	1	495.0	85.174	526.12	85.217	Estimate	0.0	0.38	0.0	0.0	0.0	23	8	0.0	0.0	0.0	0
456	1	119.999	96.957	143.339	97.012	(704)	0.0	0.23	0.0	0.0	0.0	0	5	0.6	0.0	0.0	0
457	1	146.119	96.957	188.369	97.012	374-3500	0.0	0.09	0.0	0.0	0.0	0	8	0.875	0.0	0.0	0
458	1	309.002	97.414	340.138	97.458	08/22/12	0.0	0.27	0.0	0.0	0.0	0	8	0.75	0.0	0.0	0
459	1	347.25	97.414	378.386	97.458	08/27/12	0.0	0.63	0.0	0.0	0.0	0	8	0.75	0.0	0.0	0
460	1	406.681	97.174	441.345	97.217	AMRCNS	0.0	0.74	0.0	0.0	0.0	3826	6	0.0	0.0	0.0	0
461	1	450.241	97.174	513.634	97.458	PROSPERIT1Y836	0.0	0.74	0.0	0.0	0.0	1085	14	0.2857143	0.0	0.0	0
462	1	309.002	115.174	345.01	115.217	Advertiser	0.0	0.6	0.0	0.0	0.0	6	10	0.0	0.0	0.0	0
463	1	475.501	115.174	503.061	115.217	Original	0.0	0.4	0.0	0.0	0.0	39	8	0.0	0.0	0.0	0
464	1	505.285	115.174	522.181	115.217	Date	0.0	0.41	0.0	0.0	0.0	8	4	0.0	0.0	0.0	0
465	1	528.853	115.174	559.525	115.217	Revision	0.0	0.85	0.0	0.0	0.0	75	8	0.0	0.0	0.0	0
466	1	309.002	128.914	349.906	128.958	Americans	0.0	1.0	0.0	0.0	0.0	984	9	0.0	0.0	0.0	advertiser
467	1	352.13	128.914	365.018	128.958	For	0.0	1.0	0.0	0.0	0.0	50	3	0.0	0.0	0.0	advertiser
468	1	367.242	128.914	406.81	128.958	Prosperity	0.0	1.0	0.0	0.0	0.0	1085	10	0.0	0.0	0.0	advertiser
469	1	483.54	127.174	514.676	127.217	08/06/12	0.0	0.85	0.0	0.0	0.0	0	8	0.75	0.0	0.0	0
470	1	536.416	127.174	567.552	127.217	08/06/12	0.0	0.41	0.0	0.0	0.0	0	8	0.75	0.0	0.0	0
471	1	401.25	151.261	426.765	151.309	Spots/	0.0	0.21	0.0	0.0	0.0	4	6	0.0	0.0	0.0	0
472	1	534.002	150.511	558.509	150.559	Totals	0.0	0.2	0.0	0.0	0.0	30	6	0.0	0.0	0.0	0
473	1	20.251	162.511	41.609	163.401	*Line	0.0	0.2	0.0	0.0	0.0	89	5	0.0	0.0	0.0	0
474	1	69.749	162.511	88.757	162.559	Start	0.0	0.22	0.0	0.0	0.0	26	5	0.0	0.0	0.0	0
475	1	91.259	162.511	128.512	162.559	DateEnd	0.0	0.3	0.0	0.0	0.0	144	7	0.0	0.0	0.0	0
476	1	131.014	162.511	150.022	162.559	Date	0.0	0.35	0.0	0.0	0.0	8	4	0.0	0.0	0.0	0
477	1	155.251	162.511	200.26	162.559	Description	0.0	0.35	0.0	0.0	0.0	62	11	0.0	0.0	0.0	0
478	1	260.252	162.511	297.773	162.559	Start/End	0.0	0.35	0.0	0.0	0.0	35	9	0.0	0.0	0.0	0
479	1	300.275	162.511	320.273	162.559	Time	0.0	0.28	0.0	0.0	0.0	22	4	0.0	0.0	0.0	0
480	1	333.751	162.511	354.253	162.559	Days	0.0	0.28	0.0	0.0	0.0	38	4	0.0	0.0	0.0	0
481	1	369.0	162.511	396.522	162.559	Length	0.0	0.28	0.0	0.0	0.0	56	6	0.0	0.0	0.0	0
482	1	401.25	162.511	424.254	162.559	Week	0.0	0.31	0.0	0.0	0.0	29	4	0.0	0.0	0.0	0
483	1	444.75	162.511	463.758	162.559	Rate	0.0	0.34	0.0	0.0	0.0	13	4	0.0	0.0	0.0	0
484	1	489.002	162.511	533.014	162.559	TypeSpots	0.0	0.34	0.0	0.0	0.0	158	9	0.0	0.0	0.0	0
485	1	558.751	162.511	589.765	162.559	Amount	0.0	0.29	0.0	0.0	0.0	25	6	0.0	0.0	0.0	0
486	1	51.749	175.174	68.645	175.217	Start	0.0	0.24	0.0	0.0	0.0	26	5	0.0	0.0	0.0	0
487	1	70.869	175.174	87.765	175.217	Date	0.0	0.24	0.0	0.0	0.0	8	4	0.0	0.0	0.0	0
488	1	99.0	175.174	113.232	175.217	End	0.0	0.3	0.0	0.0	0.0	28	3	0.0	0.0	0.0	0
489	1	115.456	175.174	132.352	175.217	Date	0.0	0.38	0.0	0.0	0.0	8	4	0.0	0.0	0.0	0
490	1	144.751	175.174	182.095	175.217	Weekdays	0.0	0.38	0.0	0.0	0.0	42	8	0.0	0.0	0.0	0
491	1	204.749	175.174	247.877	175.217	Spots/Week	0.0	0.38	0.0	0.0	0.0	33	10	0.0	0.0	0.0	0
492	1	285.001	175.174	301.897	175.217	Rate	0.0	0.38	0.0	0.0	0.0	13	4	0.0	0.0	0.0	0
493	1	25.5	184.174	48.172	184.217	Week:	0.0	0.29	0.0	0.0	0.0	29	5	0.0	0.0	0.0	0
494	1	51.749	184.174	82.885	184.217	08/20/12	0.0	0.2	0.0	0.0	0.0	0	8	0.75	0.0	0.0	0
495	1	99.0	184.174	130.136	184.217	08/26/12	0.0	0.13	0.0	0.0	0.0	0	8	0.75	0.0	0.0	0
496	1	144.751	184.089	178.519	184.126	--WTF--	0.0	0.08	0.0	0.0	0.0	289	7	0.0	0.0	0.0	0
497	1	272.613	184.174	301.525	184.217	$625.00	0.0	0.11	0.0	0.0	0.53	0	7	0.71428573	1.0	6.4393506	0
498	1	45.0	197.674	68.112	197.717	WBTV	0.0	0.14	0.0	0.0	0.0	1249	4	0.0	0.0	0.0	0
499	1	71.249	197.674	102.385	197.717	08/22/12	0.0	0.11	0.0	0.0	0.0	0	8	0.75	0.0	0.0	0
500	1	113.25	197.674	144.386	197.717	08/22/12	0.0	0.14	0.0	0.0	0.0	0	8	0.75	0.0	0.0	0
501	1	155.251	197.674	171.699	197.717	Wed	0.0	0.18	0.0	0.0	0.0	322	3	0.0	0.0	0.0	0
502	1	173.923	197.674	194.811	197.717	Prime	0.0	0.22	0.0	0.0	0.0	113	5	0.0	0.0	0.0	0
503	1	197.035	197.674	214.371	197.717	Hour	0.0	0.22	0.0	0.0	0.0	318	4	0.0	0.0	0.0	0
504	1	260.252	197.674	280.708	197.717	9-10p	0.0	0.22	0.0	0.0	0.0	27	5	0.6	0.0	0.0	0
505	1	386.371	197.674	397.491	197.717	:30	0.0	0.11	0.0	0.0	0.0	0	3	0.6666667	0.0	0.0	0
506	1	552.452	197.674	592.484	197.717	$11,400.00	0.0	0.16	0.0	0.0	0.71	0	10	0.7	1.0	9.341456	0
507	1	51.749	207.424	68.645	207.467	Start	0.0	0.22	0.0	0.0	0.0	26	5	0.0	0.0	0.0	0
508	1	70.869	207.424	87.765	207.467	Date	0.0	0.24	0.0	0.0	0.0	8	4	0.0	0.0	0.0	0
509	1	99.0	207.424	113.232	207.467	End	0.0	0.3	0.0	0.0	0.0	28	3	0.0	0.0	0.0	0
510	1	115.456	207.424	132.352	207.467	Date	0.0	0.38	0.0	0.0	0.0	8	4	0.0	0.0	0.0	0
511	1	144.751	207.424	182.095	207.467	Weekdays	0.0	0.38	0.0	0.0	0.0	42	8	0.0	0.0	0.0	0
512	1	204.749	207.424	247.877	207.467	Spots/Week	0.0	0.38	0.0	0.0	0.0	33	10	0.0	0.0	0.0	0
513	1	285.001	207.424	301.897	207.467	Rate	0.0	0.38	0.0	0.0	0.0	13	4	0.0	0.0	0.0	0
514	1	25.5	216.424	48.172	216.467	Week:	0.0	0.29	0.0	0.0	0.0	29	5	0.0	0.0	0.0	0
515	1	51.749	216.424	82.885	216.467	08/20/12	0.0	0.2	0.0	0.0	0.0	0	8	0.75	0.0	0.0	0
516	1	99.0	216.424	130.136	216.467	08/26/12	0.0	0.13	0.0	0.0	0.0	0	8	0.75	0.0	0.0	0
517	1	144.751	216.339	178.519	216.376	--2----	0.0	0.08	0.0	0.0	0.0	0	7	0.14285715	0.0	0.0	0
518	1	265.893	216.424	301.477	216.467	$5,700.00	0.0	0.11	0.0	0.0	0.62	0	9	0.6666667	1.0	8.6483965	0
519	1	45.0	229.924	68.112	229.967	WBTV	0.0	0.14	0.0	0.0	0.0	1249	4	0.0	0.0	0.0	0
520	1	71.249	229.924	102.385	229.967	08/23/12	0.0	0.17	0.0	0.0	0.0	0	8	0.75	0.0	0.0	0
521	1	113.25	229.924	144.386	229.967	08/23/12	0.0	0.23	0.0	0.0	0.0	0	8	0.75	0.0	0.0	0
522	1	155.251	229.924	171.699	229.967	Thur	0.0	0.29	0.0	0.0	0.0	885	4	0.0	0.0	0.0	0
523	1	173.923	229.924	194.811	229.967	Prime	0.0	0.29	0.0	0.0	0.0	113	5	0.0	0.0	0.0	0
524	1	197.035	229.924	214.371	229.967	Hour	0.0	0.29	0.0	0.0	0.0	318	4	0.0	0.0	0.0	0
525	1	260.252	229.924	285.156	229.967	10-11p	0.0	0.21	0.0	0.0	0.0	27	6	0.6666667	0.0	0.0	0
526	1	386.371	229.924	397.491	229.967	:30	0.0	0.11	0.0	0.0	0.0	0	3	0.6666667	0.0	0.0	0
527	1	552.452	229.924	592.484	229.967	$11,200.00	0.0	0.16	0.0	0.0	0.71	0	10	0.7	1.0	9.323758	0
528	1	51.749	239.674	68.645	239.717	Start	0.0	0.22	0.0	0.0	0.0	26	5	0.0	0.0	0.0	0
529	1	70.869	239.674	87.765	239.717	Date	0.0	0.24	0.0	0.0	0.0	8	4	0.0	0.0	0.0	0
530	1	99.0	239.674	113.232	239.717	End	0.0	0.3	0.0	0.0	0.0	28	3	0.0	0.0	0.0	0
531	1	115.456	239.674	132.352	239.717	Date	0.0	0.38	0.0	0.0	0.0	8	4	0.0	0.0	0.0	0
532	1	144.751	239.674	182.095	239.717	Weekdays	0.0	0.38	0.0	0.0	0.0	42	8	0.0	0.0	0.0	0
533	1	204.749	239.674	247.877	239.717	Spots/Week	0.0	0.38	0.0	0.0	0.0	33	10	0.0	0.0	0.0	0
534	1	285.001	239.674	301.897	239.717	Rate	0.0	0.38	0.0	0.0	0.0	13	4	0.0	0.0	0.0	0
535	1	25.5	248.674	48.172	248.717	Week:	0.0	0.29	0.0	0.0	0.0	29	5	0.0	0.0	0.0	0
536	1	51.749	248.674	82.885	248.717	08/20/12	0.0	0.2	0.0	0.0	0.0	0	8	0.75	0.0	0.0	0
537	1	99.0	248.674	130.136	248.717	08/26/12	0.0	0.13	0.0	0.0	0.0	0	8	0.75	0.0	0.0	0
538	1	144.751	248.589	178.519	248.626	---2---	0.0	0.08	0.0	0.0	0.0	0	7	0.14285715	0.0	0.0	0
539	1	265.893	248.674	301.477	248.717	$5,600.00	0.0	0.11	0.0	0.0	0.62	0	9	0.6666667	1.0	8.6307	0
540	1	45.0	262.174	68.112	262.217	WBTV	0.0	0.14	0.0	0.0	0.0	1249	4	0.0	0.0	0.0	0
541	1	71.249	262.174	102.385	262.217	08/25/12	0.0	0.11	0.0	0.0	0.0	0	8	0.75	0.0	0.0	0
542	1	113.25	262.174	144.386	262.217	08/25/12	0.0	0.11	0.0	0.0	0.0	0	8	0.75	0.0	0.0	0
543	1	155.251	262.174	178.363	262.217	WBTV	0.0	0.23	0.0	0.0	0.0	1249	4	0.0	0.0	0.0	0
544	1	180.587	262.174	192.595	262.217	Sat	0.0	0.26	0.0	0.0	0.0	112	3	0.0	0.0	0.0	0
545	1	205.939	262.174	225.939	262.217	News	0.0	0.26	0.0	0.0	0.0	17	4	0.0	0.0	0.0	0
546	1	260.252	262.174	276.26	262.217	6-7a	0.0	0.23	0.0	0.0	0.0	16	4	0.5	0.0	0.0	0
547	1	386.371	262.174	397.491	262.217	:30	0.0	0.17	0.0	0.0	0.0	0	3	0.6666667	0.0	0.0	0
548	1	563.612	262.174	592.524	262.217	$500.00	0.0	0.18	0.0	0.0	0.67	0	7	0.71428573	1.0	6.216606	0
549	1	51.749	271.924	68.645	271.967	Start	0.0	0.22	0.0	0.0	0.0	26	5	0.0	0.0	0.0	0
550	1	70.869	271.924	87.765	271.967	Date	0.0	0.24	0.0	0.0	0.0	8	4	0.0	0.0	0.0	0
551	1	99.0	271.924	113.232	271.967	End	0.0	0.3	0.0	0.0	0.0	28	3	0.0	0.0	0.0	0
552	1	115.456	271.924	132.352	271.967	Date	0.0	0.38	0.0	0.0	0.0	8	4	0.0	0.0	0.0	0
553	1	144.751	271.924	182.095	271.967	Weekdays	0.0	0.38	0.0	0.0	0.0	42	8	0.0	0.0	0.0	0
554	1	204.749	271.924	247.877	271.967	Spots/Week	0.0	0.38	0.0	0.0	0.0	33	10	0.0	0.0	0.0	0
555	1	285.001	271.924	301.897	271.967	Rate	0.0	0.38	0.0	0.0	0.0	13	4	0.0	0.0	0.0	0
556	1	25.5	280.924	48.172	280.967	Week:	0.0	0.29	0.0	0.0	0.0	29	5	0.0	0.0	0.0	0
557	1	51.749	280.924	82.885	280.967	08/20/12	0.0	0.2	0.0	0.0	0.0	0	8	0.75	0.0	0.0	0
558	1	99.0	280.924	130.136	280.967	08/26/12	0.0	0.13	0.0	0.0	0.0	0	8	0.75	0.0	0.0	0
559	1	144.751	280.839	178.519	280.876	-----1-	0.0	0.08	0.0	0.0	0.0	0	7	0.14285715	0.0	0.0	0
560	1	272.613	280.924	301.525	280.967	$500.00	0.0	0.11	0.0	0.0	0.67	0	7	0.71428573	1.0	6.216606	0
561	1	45.0	294.424	68.112	294.467	WBTV	0.0	0.14	0.0	0.0	0.0	1249	4	0.0	0.0	0.0	0
562	1	71.249	294.424	102.385	294.467	08/26/12	0.0	0.11	0.0	0.0	0.0	0	8	0.75	0.0	0.0	0
563	1	113.25	294.424	144.386	294.467	08/26/12	0.0	0.1	0.0	0.0	0.0	0	8	0.75	0.0	0.0	0
564	1	155.251	294.424	178.363	294.467	WBTV	0.0	0.23	0.0	0.0	0.0	1249	4	0.0	0.0	0.0	0
565	1	180.587	294.424	194.819	294.467	Sun	0.0	0.26	0.0	0.0	0.0	102	3	0.0	0.0	0.0	0
566	1	211.267	294.424	231.267	294.467	News	0.0	0.29	0.0	0.0	0.0	17	4	0.0	0.0	0.0	0
567	1	260.252	294.424	276.26	294.467	6-7a	0.0	0.25	0.0	0.0	0.0	16	4	0.5	0.0	0.0	0
568	1	386.371	294.424	397.491	294.467	:30	0.0	0.23	0.0	0.0	0.0	0	3	0.6666667	0.0	0.0	0
569	1	563.612	294.424	592.524	294.467	$450.00	0.0	0.18	0.0	0.0	0.67	0	7	0.71428573	1.0	6.1114674	0
570	1	51.749	304.174	68.645	304.217	Start	0.0	0.22	0.0	0.0	0.0	26	5	0.0	0.0	0.0	0
571	1	70.869	304.174	87.765	304.217	Date	0.0	0.24	0.0	0.0	0.0	8	4	0.0	0.0	0.0	0
572	1	99.0	304.174	113.232	304.217	End	0.0	0.3	0.0	0.0	0.0	28	3	0.0	0.0	0.0	0
573	1	115.456	304.174	132.352	304.217	Date	0.0	0.38	0.0	0.0	0.0	8	4	0.0	0.0	0.0	0
574	1	144.751	304.174	182.095	304.217	Weekdays	0.0	0.38	0.0	0.0	0.0	42	8	0.0	0.0	0.0	0
575	1	204.749	304.174	247.877	304.217	Spots/Week	0.0	0.38	0.0	0.0	0.0	33	10	0.0	0.0	0.0	0
576	1	285.001	304.174	301.897	304.217	Rate	0.0	0.38	0.0	0.0	0.0	13	4	0.0	0.0	0.0	0
577	1	25.5	313.174	48.172	313.217	Week:	0.0	0.29	0.0	0.0	0.0	29	5	0.0	0.0	0.0	0
578	1	51.749	313.174	82.885	313.217	08/20/12	0.0	0.2	0.0	0.0	0.0	0	8	0.75	0.0	0.0	0
579	1	99.0	313.174	130.136	313.217	08/26/12	0.0	0.13	0.0	0.0	0.0	0	8	0.75	0.0	0.0	0
580	1	144.751	313.089	178.519	313.126	------1	0.0	0.08	0.0	0.0	0.0	0	7	0.14285715	0.0	0.0	0
581	1	272.613	313.174	301.525	313.217	$450.00	0.0	0.11	0.0	0.0	0.67	0	7	0.71428573	1.0	6.1114674	0
582	1	45.0	326.674	68.112	326.717	WBTV	0.0	0.14	0.0	0.0	0.0	1249	4	0.0	0.0	0.0	0
583	1	71.249	326.674	102.385	326.717	08/26/12	0.0	0.11	0.0	0.0	0.0	0	8	0.75	0.0	0.0	0
584	1	113.25	326.674	144.386	326.717	08/26/12	0.0	0.22	0.0	0.0	0.0	0	8	0.75	0.0	0.0	0
585	1	155.251	326.674	171.699	326.717	CBS	0.0	0.26	0.0	0.0	0.0	261	3	0.0	0.0	0.0	0
586	1	173.923	326.674	201.051	326.717	Sunday	0.0	0.29	0.0	0.0	0.0	122	6	0.0	0.0	0.0	0
587	1	203.275	326.674	232.171	326.717	Morning	0.0	0.29	0.0	0.0	0.0	152	7	0.0	0.0	0.0	0
588	1	260.252	326.674	289.604	326.717	9-1030a	0.0	0.24	0.0	0.0	0.0	16	7	0.71428573	0.0	0.0	0
589	1	386.371	326.674	397.491	326.717	:30	0.0	0.22	0.0	0.0	0.0	0	3	0.6666667	0.0	0.0	0
590	1	556.892	326.674	592.476	326.717	$1,100.00	0.0	0.17	0.0	0.0	0.75	0	9	0.6666667	1.0	7.003974	0
591	1	51.749	336.424	68.645	336.467	Start	0.0	0.22	0.0	0.0	0.0	26	5	0.0	0.0	0.0	0
592	1	70.869	336.424	87.765	336.467	Date	0.0	0.24	0.0	0.0	0.0	8	4	0.0	0.0	0.0	0
593	1	99.0	336.424	113.232	336.467	End	0.0	0.3	0.0	0.0	0.0	28	3	0.0	0.0	0.0	0
594	1	115.456	336.424	132.352	336.467	Date	0.0	0.38	0.0	0.0	0.0	8	4	0.0	0.0	0.0	0
595	1	144.751	336.424	182.095	336.467	Weekdays	0.0	0.38	0.0	0.0	0.0	42	8	0.0	0.0	0.0	0
596	1	204.749	336.424	247.877	336.467	Spots/Week	0.0	0.38	0.0	0.0	0.0	33	10	0.0	0.0	0.0	0
597	1	285.001	336.424	301.897	336.467	Rate	0.0	0.38	0.0	0.0	0.0	13	4	0.0	0.0	0.0	0
598	1	25.5	345.424	48.172	345.467	Week:	0.0	0.29	0.0	0.0	0.0	29	5	0.0	0.0	0.0	0
599	1	51.749	345.424	82.885	345.467	08/20/12	0.0	0.2	0.0	0.0	0.0	0	8	0.75	0.0	0.0	0
600	1	99.0	345.424	130.136	345.467	08/26/12	0.0	0.13	0.0	0.0	0.0	0	8	0.75	0.0	0.0	0
601	1	144.751	345.339	178.519	345.376	------1	0.0	0.08	0.0	0.0	0.0	0	7	0.14285715	0.0	0.0	0
602	1	265.893	345.424	301.477	345.467	$1,100.00	0.0	0.11	0.0	0.0	0.75	0	9	0.6666667	1.0	7.003974	0
603	1	45.0	358.924	68.112	358.967	WBTV	0.0	0.17	0.0	0.0	0.0	1249	4	0.0	0.0	0.0	0
604	1	71.249	358.924	102.385	358.967	08/27/12	0.0	0.19	0.0	0.0	0.0	0	8	0.75	0.0	0.0	0
605	1	113.25	358.924	144.386	358.967	08/27/12	0.0	0.33	0.0	0.0	0.0	0	8	0.75	0.0	0.0	0
606	1	155.251	358.924	173.475	358.967	Price	0.0	0.41	0.0	0.0	0.0	295	5	0.0	0.0	0.0	0
607	1	184.147	358.924	202.819	358.967	Right	0.0	0.41	0.0	0.0	0.0	302	5	0.0	0.0	0.0	0
608	1	260.252	358.924	289.604	358.967	11a-12p	0.0	0.34	0.0	0.0	0.0	154	7	0.5714286	0.0	0.0	0
609	1	386.371	358.924	397.491	358.967	:30	0.0	0.22	0.0	0.0	0.0	0	3	0.6666667	0.0	0.0	0
610	1	563.612	358.924	592.524	358.967	$650.00	0.0	0.18	0.0	0.0	0.67	0	7	0.71428573	1.0	6.4785094	0
611	1	51.749	368.674	68.645	368.717	Start	0.0	0.22	0.0	0.0	0.0	26	5	0.0	0.0	0.0	0
612	1	70.869	368.674	87.765	368.717	Date	0.0	0.24	0.0	0.0	0.0	8	4	0.0	0.0	0.0	0
613	1	99.0	368.674	113.232	368.717	End	0.0	0.3	0.0	0.0	0.0	28	3	0.0	0.0	0.0	0
614	1	115.456	368.674	132.352	368.717	Date	0.0	0.38	0.0	0.0	0.0	8	4	0.0	0.0	0.0	0
615	1	144.751	368.674	182.095	368.717	Weekdays	0.0	0.38	0.0	0.0	0.0	42	8	0.0	0.0	0.0	0
616	1	204.749	368.674	247.877	368.717	Spots/Week	0.0	0.38	0.0	0.0	0.0	33	10	0.0	0.0	0.0	0
617	1	285.001	368.674	301.897	368.717	Rate	0.0	0.38	0.0	0.0	0.0	13	4	0.0	0.0	0.0	0
618	1	25.5	377.674	48.172	377.717	Week:	0.0	0.29	0.0	0.0	0.0	29	5	0.0	0.0	0.0	0
619	1	51.749	377.674	82.885	377.717	08/27/12	0.0	0.2	0.0	0.0	0.0	0	8	0.75	0.0	0.0	0
620	1	99.0	377.674	130.136	377.717	09/02/12	0.0	0.13	0.0	0.0	0.0	0	8	0.75	0.0	0.0	0
621	1	144.751	377.589	178.519	377.626	1------	0.0	0.08	0.0	0.0	0.0	0	7	0.14285715	0.0	0.0	0
622	1	272.613	377.674	301.525	377.717	$650.00	0.0	0.11	0.0	0.0	0.67	0	7	0.71428573	1.0	6.4785094	0
623	1	45.0	391.174	68.112	391.217	WBTV	0.0	0.14	0.0	0.0	0.0	1249	4	0.0	0.0	0.0	0
624	1	71.249	391.174	102.385	391.217	08/27/12	0.0	0.11	0.0	0.0	0.0	0	8	0.75	0.0	0.0	0
625	1	113.25	391.174	144.386	391.217	08/27/12	0.0	0.11	0.0	0.0	0.0	0	8	0.75	0.0	0.0	0
626	1	155.251	391.174	178.363	391.217	WBTV	0.0	0.22	0.0	0.0	0.0	1249	4	0.0	0.0	0.0	0
627	1	180.587	391.174	200.587	391.217	News	0.0	0.25	0.0	0.0	0.0	17	4	0.0	0.0	0.0	0
628	1	212.595	391.174	231.715	391.217	Noon	0.0	0.29	0.0	0.0	0.0	200	4	0.0	0.0	0.0	0
629	1	260.252	391.174	296.276	391.217	12-12:30p	0.0	0.22	0.0	0.0	0.0	27	9	0.6666667	0.0	0.0	0
630	1	386.371	391.174	397.491	391.217	:30	0.0	0.2	0.0	0.0	0.0	0	3	0.6666667	0.0	0.0	0
631	1	556.892	391.174	592.476	391.217	$1,200.00	0.0	0.17	0.0	0.0	0.75	0	9	0.6666667	1.0	7.09091	0
632	1	51.749	400.924	68.645	400.967	Start	0.0	0.22	0.0	0.0	0.0	26	5	0.0	0.0	0.0	0
633	1	70.869	400.924	87.765	400.967	Date	0.0	0.24	0.0	0.0	0.0	8	4	0.0	0.0	0.0	0
634	1	99.0	400.924	113.232	400.967	End	0.0	0.3	0.0	0.0	0.0	28	3	0.0	0.0	0.0	0
635	1	115.456	400.924	132.352	400.967	Date	0.0	0.38	0.0	0.0	0.0	8	4	0.0	0.0	0.0	0
636	1	144.751	400.924	182.095	400.967	Weekdays	0.0	0.38	0.0	0.0	0.0	42	8	0.0	0.0	0.0	0
637	1	204.749	400.924	247.877	400.967	Spots/Week	0.0	0.38	0.0	0.0	0.0	33	10	0.0	0.0	0.0	0
638	1	285.001	400.924	301.897	400.967	Rate	0.0	0.38	0.0	0.0	0.0	13	4	0.0	0.0	0.0	0
639	1	25.5	409.924	48.172	409.967	Week:	0.0	0.29	0.0	0.0	0.0	29	5	0.0	0.0	0.0	0
640	1	51.749	409.924	82.885	409.967	08/27/12	0.0	0.2	0.0	0.0	0.0	0	8	0.75	0.0	0.0	0
641	1	99.0	409.924	130.136	409.967	09/02/12	0.0	0.13	0.0	0.0	0.0	0	8	0.75	0.0	0.0	0
642	1	144.751	409.839	178.519	409.876	1------	0.0	0.08	0.0	0.0	0.0	0	7	0.14285715	0.0	0.0	0
643	1	265.893	409.924	301.477	409.967	$1,200.00	0.0	0.11	0.0	0.0	0.75	0	9	0.6666667	1.0	7.09091	0
644	1	45.0	423.414	68.112	423.457	WBTV	0.0	0.14	0.0	0.0	0.0	1249	4	0.0	0.0	0.0	0
645	1	71.249	423.414	102.385	423.457	08/27/12	0.0	0.11	0.0	0.0	0.0	0	8	0.75	0.0	0.0	0
646	1	113.25	423.414	144.386	423.457	08/27/12	0.0	0.11	0.0	0.0	0.0	0	8	0.75	0.0	0.0	0
647	1	155.251	423.414	178.363	423.457	WBTV	0.0	0.13	0.0	0.0	0.0	1249	4	0.0	0.0	0.0	0
648	1	180.587	423.414	200.587	423.457	News	0.0	0.18	0.0	0.0	0.0	17	4	0.0	0.0	0.0	0
649	1	260.252	423.414	274.468	423.457	M-F	0.0	0.22	0.0	0.0	0.0	47	3	0.0	0.0	0.0	0
650	1	276.692	423.414	303.82	423.457	4-4.30p	0.0	0.22	0.0	0.0	0.0	27	7	0.5714286	0.0	0.0	0
651	1	386.371	423.414	397.491	423.457	:30	0.0	0.17	0.0	0.0	0.0	0	3	0.6666667	0.0	0.0	0
652	1	563.612	423.414	592.524	423.457	$850.00	0.0	0.18	0.0	0.0	0.8	0	7	0.71428573	1.0	6.7464123	0
653	1	51.749	433.174	68.645	433.217	Start	0.0	0.22	0.0	0.0	0.0	26	5	0.0	0.0	0.0	0
654	1	70.869	433.174	87.765	433.217	Date	0.0	0.24	0.0	0.0	0.0	8	4	0.0	0.0	0.0	0
655	1	99.0	433.174	113.232	433.217	End	0.0	0.3	0.0	0.0	0.0	28	3	0.0	0.0	0.0	0
656	1	115.456	433.174	132.352	433.217	Date	0.0	0.38	0.0	0.0	0.0	8	4	0.0	0.0	0.0	0
657	1	144.751	433.174	182.095	433.217	Weekdays	0.0	0.38	0.0	0.0	0.0	42	8	0.0	0.0	0.0	0
658	1	204.749	433.174	247.877	433.217	Spots/Week	0.0	0.38	0.0	0.0	0.0	33	10	0.0	0.0	0.0	0
659	1	285.001	433.174	301.897	433.217	Rate	0.0	0.38	0.0	0.0	0.0	13	4	0.0	0.0	0.0	0
660	1	25.5	442.174	48.172	442.217	Week:	0.0	0.29	0.0	0.0	0.0	29	5	0.0	0.0	0.0	0
661	1	51.749	442.174	82.885	442.217	08/27/12	0.0	0.2	0.0	0.0	0.0	0	8	0.75	0.0	0.0	0
662	1	99.0	442.174	130.136	442.217	09/02/12	0.0	0.13	0.0	0.0	0.0	0	8	0.75	0.0	0.0	0
663	1	144.751	442.089	178.519	442.126	1------	0.0	0.08	0.0	0.0	0.0	0	7	0.14285715	0.0	0.0	0
664	1	272.613	442.174	301.525	442.217	$850.00	0.0	0.11	0.0	0.0	0.8	0	7	0.71428573	1.0	6.7464123	0
665	1	45.0	455.664	68.112	455.707	WBTV	0.0	0.14	0.0	0.0	0.0	1249	4	0.0	0.0	0.0	0
666	1	71.249	455.664	102.385	455.707	08/27/12	0.0	0.11	0.0	0.0	0.0	0	8	0.75	0.0	0.0	0
667	1	113.25	455.664	144.386	455.707	08/27/12	0.0	0.11	0.0	0.0	0.0	0	8	0.75	0.0	0.0	0
668	1	155.251	455.664	178.363	455.707	WBTV	0.0	0.13	0.0	0.0	0.0	1249	4	0.0	0.0	0.0	0
669	1	180.587	455.664	200.587	455.707	News	0.0	0.17	0.0	0.0	0.0	17	4	0.0	0.0	0.0	0
670	1	211.707	455.664	231.723	455.707	4.30p	0.0	0.25	0.0	0.0	0.0	27	5	0.6	0.0	0.0	0
671	1	260.252	455.664	274.468	455.707	M-F	0.0	0.25	0.0	0.0	0.0	47	3	0.0	0.0	0.0	0
672	1	276.692	455.664	308.268	455.707	4.30p-5p	0.0	0.25	0.0	0.0	0.0	72	8	0.5	0.0	0.0	0
673	1	386.371	455.664	397.491	455.707	:30	0.0	0.22	0.0	0.0	0.0	0	3	0.6666667	0.0	0.0	0
674	1	556.892	455.664	592.476	455.707	$1,100.00	0.0	0.17	0.0	0.0	0.75	0	9	0.6666667	1.0	7.003974	0
675	1	51.749	465.424	68.645	465.467	Start	0.0	0.22	0.0	0.0	0.0	26	5	0.0	0.0	0.0	0
676	1	70.869	465.424	87.765	465.467	Date	0.0	0.24	0.0	0.0	0.0	8	4	0.0	0.0	0.0	0
677	1	99.0	465.424	113.232	465.467	End	0.0	0.3	0.0	0.0	0.0	28	3	0.0	0.0	0.0	0
678	1	115.456	465.424	132.352	465.467	Date	0.0	0.38	0.0	0.0	0.0	8	4	0.0	0.0	0.0	0
679	1	144.751	465.424	182.095	465.467	Weekdays	0.0	0.38	0.0	0.0	0.0	42	8	0.0	0.0	0.0	0
680	1	204.749	465.424	247.877	465.467	Spots/Week	0.0	0.38	0.0	0.0	0.0	33	10	0.0	0.0	0.0	0
681	1	285.001	465.424	301.897	465.467	Rate	0.0	0.38	0.0	0.0	0.0	13	4	0.0	0.0	0.0	0
682	1	25.5	474.424	48.172	474.467	Week:	0.0	0.29	0.0	0.0	0.0	29	5	0.0	0.0	0.0	0
683	1	51.749	474.424	82.885	474.467	08/27/12	0.0	0.2	0.0	0.0	0.0	0	8	0.75	0.0	0.0	0
684	1	99.0	474.424	130.136	474.467	09/02/12	0.0	0.13	0.0	0.0	0.0	0	8	0.75	0.0	0.0	0
685	1	144.751	474.339	178.519	474.376	1------	0.0	0.08	0.0	0.0	0.0	0	7	0.14285715	0.0	0.0	0
686	1	265.893	474.424	301.477	474.467	$1,100.00	0.0	0.11	0.0	0.0	0.75	0	9	0.6666667	1.0	7.003974	0
687	1	45.0	487.914	68.112	487.957	WBTV	0.0	0.14	0.0	0.0	0.0	1249	4	0.0	0.0	0.0	0
688	1	71.249	487.914	102.385	487.957	08/27/12	0.0	0.11	0.0	0.0	0.0	0	8	0.75	0.0	0.0	0
689	1	113.25	487.914	144.386	487.957	08/27/12	0.0	0.11	0.0	0.0	0.0	0	8	0.75	0.0	0.0	0
690	1	155.251	487.914	178.363	487.957	WBTV	0.0	0.13	0.0	0.0	0.0	1249	4	0.0	0.0	0.0	0
691	1	180.587	487.914	200.587	487.957	News	0.0	0.16	0.0	0.0	0.0	17	4	0.0	0.0	0.0	0
692	1	260.252	487.914	291.828	487.957	5p-5:30p	0.0	0.18	0.0	0.0	0.0	72	8	0.5	0.0	0.0	0
693	1	386.371	487.914	397.491	487.957	:30	0.0	0.16	0.0	0.0	0.0	0	3	0.6666667	0.0	0.0	0
694	1	556.892	487.914	592.476	487.957	$1,550.00	0.0	0.17	0.0	0.0	0.75	0	9	0.6666667	1.0	7.3466554	0
695	1	51.749	497.674	68.645	497.717	Start	0.0	0.22	0.0	0.0	0.0	26	5	0.0	0.0	0.0	0
696	1	70.869	497.674	87.765	497.717	Date	0.0	0.24	0.0	0.0	0.0	8	4	0.0	0.0	0.0	0
697	1	99.0	497.674	113.232	497.717	End	0.0	0.3	0.0	0.0	0.0	28	3	0.0	0.0	0.0	0
698	1	115.456	497.674	132.352	497.717	Date	0.0	0.38	0.0	0.0	0.0	8	4	0.0	0.0	0.0	0
699	1	144.751	497.674	182.095	497.717	Weekdays	0.0	0.38	0.0	0.0	0.0	42	8	0.0	0.0	0.0	0
700	1	204.749	497.674	247.877	497.717	Spots/Week	0.0	0.38	0.0	0.0	0.0	33	10	0.0	0.0	0.0	0
701	1	285.001	497.674	301.897	497.717	Rate	0.0	0.38	0.0	0.0	0.0	13	4	0.0	0.0	0.0	0
702	1	25.5	506.674	48.172	506.717	Week:	0.0	0.29	0.0	0.0	0.0	29	5	0.0	0.0	0.0	0
703	1	51.749	506.674	82.885	506.717	08/27/12	0.0	0.2	0.0	0.0	0.0	0	8	0.75	0.0	0.0	0
704	1	99.0	506.674	130.136	506.717	09/02/12	0.0	0.13	0.0	0.0	0.0	0	8	0.75	0.0	0.0	0
705	1	144.751	506.589	178.519	506.626	1------	0.0	0.08	0.0	0.0	0.0	0	7	0.14285715	0.0	0.0	0
706	1	265.893	506.674	301.477	506.717	$1,550.00	0.0	0.11	0.0	0.0	0.75	0	9	0.6666667	1.0	7.3466554	0
707	1	45.0	520.164	68.112	520.207	WBTV	0.0	0.14	0.0	0.0	0.0	1249	4	0.0	0.0	0.0	0
708	1	71.249	520.164	102.385	520.207	08/27/12	0.0	0.11	0.0	0.0	0.0	0	8	0.75	0.0	0.0	0
709	1	113.25	520.164	144.386	520.207	08/27/12	0.0	0.11	0.0	0.0	0.0	0	8	0.75	0.0	0.0	0
710	1	155.251	520.164	178.363	520.207	WBTV	0.0	0.13	0.0	0.0	0.0	1249	4	0.0	0.0	0.0	0
711	1	180.587	520.164	200.587	520.207	News	0.0	0.17	0.0	0.0	0.0	17	4	0.0	0.0	0.0	0
712	1	211.707	520.164	229.499	520.207	530p	0.0	0.26	0.0	0.0	0.0	27	4	0.75	0.0	0.0	0
713	1	260.252	520.164	274.468	520.207	M-F	0.0	0.26	0.0	0.0	0.0	47	3	0.0	0.0	0.0	0
714	1	276.692	520.164	306.044	520.207	530p-6p	0.0	0.26	0.0	0.0	0.0	72	7	0.5714286	0.0	0.0	0
715	1	386.371	520.164	397.491	520.207	:30	0.0	0.23	0.0	0.0	0.0	0	3	0.6666667	0.0	0.0	0
716	1	556.892	520.164	592.476	520.207	$1,650.00	0.0	0.17	0.0	0.0	0.75	0	9	0.6666667	1.0	7.4091363	0
717	1	51.749	529.924	68.645	529.967	Start	0.0	0.22	0.0	0.0	0.0	26	5	0.0	0.0	0.0	0
718	1	70.869	529.924	87.765	529.967	Date	0.0	0.24	0.0	0.0	0.0	8	4	0.0	0.0	0.0	0
719	1	99.0	529.924	113.232	529.967	End	0.0	0.3	0.0	0.0	0.0	28	3	0.0	0.0	0.0	0
720	1	115.456	529.924	132.352	529.967	Date	0.0	0.38	0.0	0.0	0.0	8	4	0.0	0.0	0.0	0
721	1	144.751	529.924	182.095	529.967	Weekdays	0.0	0.38	0.0	0.0	0.0	42	8	0.0	0.0	0.0	0
722	1	204.749	529.924	247.877	529.967	Spots/Week	0.0	0.38	0.0	0.0	0.0	33	10	0.0	0.0	0.0	0
723	1	285.001	529.924	301.897	529.967	Rate	0.0	0.38	0.0	0.0	0.0	13	4	0.0	0.0	0.0	0
724	1	25.5	538.924	48.172	538.967	Week:	0.0	0.29	0.0	0.0	0.0	29	5	0.0	0.0	0.0	0
725	1	51.749	538.924	82.885	538.967	08/27/12	0.0	0.2	0.0	0.0	0.0	0	8	0.75	0.0	0.0	0
726	1	99.0	538.924	130.136	538.967	09/02/12	0.0	0.13	0.0	0.0	0.0	0	8	0.75	0.0	0.0	0
727	1	144.751	538.839	178.519	538.876	1------	0.0	0.08	0.0	0.0	0.0	0	7	0.14285715	0.0	0.0	0
728	1	265.893	538.924	301.477	538.967	$1,650.00	0.0	0.11	0.0	0.0	0.75	0	9	0.6666667	1.0	7.4091363	0
729	1	45.0	552.414	68.112	552.457	WBTV	0.0	0.14	0.0	0.0	0.0	1249	4	0.0	0.0	0.0	0
730	1	71.249	552.414	102.385	552.457	08/27/12	0.0	0.11	0.0	0.0	0.0	0	8	0.75	0.0	0.0	0
731	1	113.25	552.414	144.386	552.457	08/27/12	0.0	0.11	0.0	0.0	0.0	0	8	0.75	0.0	0.0	0
732	1	155.251	552.414	178.363	552.457	WBTV	0.0	0.13	0.0	0.0	0.0	1249	4	0.0	0.0	0.0	0
733	1	180.587	552.414	200.587	552.457	News	0.0	0.18	0.0	0.0	0.0	17	4	0.0	0.0	0.0	0
734	1	260.252	552.414	274.468	552.457	M-F	0.0	0.28	0.0	0.0	0.0	47	3	0.0	0.0	0.0	0
735	1	276.692	552.414	306.044	552.457	6p-630p	0.0	0.28	0.0	0.0	0.0	72	7	0.5714286	0.0	0.0	0
736	1	386.371	552.414	397.491	552.457	:30	0.0	0.23	0.0	0.0	0.0	0	3	0.6666667	0.0	0.0	0
737	1	556.892	552.414	592.476	552.457	$2,000.00	0.0	0.17	0.0	0.0	0.62	0	9	0.6666667	1.0	7.6014023	0
738	1	51.749	562.174	68.645	562.217	Start	0.0	0.22	0.0	0.0	0.0	26	5	0.0	0.0	0.0	0
739	1	70.869	562.174	87.765	562.217	Date	0.0	0.24	0.0	0.0	0.0	8	4	0.0	0.0	0.0	0
740	1	99.0	562.174	113.232	562.217	End	0.0	0.3	0.0	0.0	0.0	28	3	0.0	0.0	0.0	0
741	1	115.456	562.174	132.352	562.217	Date	0.0	0.38	0.0	0.0	0.0	8	4	0.0	0.0	0.0	0
742	1	144.751	562.174	182.095	562.217	Weekdays	0.0	0.38	0.0	0.0	0.0	42	8	0.0	0.0	0.0	0
743	1	204.749	562.174	247.877	562.217	Spots/Week	0.0	0.38	0.0	0.0	0.0	33	10	0.0	0.0	0.0	0
744	1	285.001	562.174	301.897	562.217	Rate	0.0	0.38	0.0	0.0	0.0	13	4	0.0	0.0	0.0	0
745	1	25.5	571.174	48.172	571.217	Week:	0.0	0.29	0.0	0.0	0.0	29	5	0.0	0.0	0.0	0
746	1	51.749	571.174	82.885	571.217	08/27/12	0.0	0.2	0.0	0.0	0.0	0	8	0.75	0.0	0.0	0
747	1	99.0	571.174	130.136	571.217	09/02/12	0.0	0.13	0.0	0.0	0.0	0	8	0.75	0.0	0.0	0
748	1	144.751	571.089	178.519	571.126	1------	0.0	0.08	0.0	0.0	0.0	0	7	0.14285715	0.0	0.0	0
749	1	265.893	571.174	301.477	571.217	$2,000.00	0.0	0.11	0.0	0.0	0.62	0	9	0.6666667	1.0	7.6014023	0
750	1	45.0	584.664	68.112	584.707	WBTV	0.0	0.14	0.0	0.0	0.0	1249	4	0.0	0.0	0.0	0
751	1	71.249	584.664	102.385	584.707	08/27/12	0.0	0.11	0.0	0.0	0.0	0	8	0.75	0.0	0.0	0
752	1	113.25	584.664	144.386	584.707	08/27/12	0.0	0.17	0.0	0.0	0.0	0	8	0.75	0.0	0.0	0
753	1	155.251	584.664	178.363	584.707	WBTV	0.0	0.21	0.0	0.0	0.0	1249	4	0.0	0.0	0.0	0
754	1	180.587	584.664	200.587	584.707	News	0.0	0.27	0.0	0.0	0.0	17	4	0.0	0.0	0.0	0
755	1	202.811	584.664	238.811	584.707	Primetime	0.0	0.29	0.0	0.0	0.0	814	9	0.0	0.0	0.0	0
756	1	260.252	584.664	274.468	584.707	M-F	0.0	0.29	0.0	0.0	0.0	47	3	0.0	0.0	0.0	0
757	1	276.692	584.664	306.044	584.707	7p-730p	0.0	0.29	0.0	0.0	0.0	72	7	0.5714286	0.0	0.0	0
758	1	386.371	584.664	397.491	584.707	:30	0.0	0.27	0.0	0.0	0.0	0	3	0.6666667	0.0	0.0	0
759	1	556.892	584.664	592.476	584.707	$1,500.00	0.0	0.17	0.0	0.0	0.75	0	9	0.6666667	1.0	7.3138866	0
760	1	51.749	594.414	68.645	594.457	Start	0.0	0.22	0.0	0.0	0.0	26	5	0.0	0.0	0.0	0
761	1	70.869	594.414	87.765	594.457	Date	0.0	0.24	0.0	0.0	0.0	8	4	0.0	0.0	0.0	0
762	1	99.0	594.414	113.232	594.457	End	0.0	0.3	0.0	0.0	0.0	28	3	0.0	0.0	0.0	0
763	1	115.456	594.414	132.352	594.457	Date	0.0	0.38	0.0	0.0	0.0	8	4	0.0	0.0	0.0	0
764	1	144.751	594.414	182.095	594.457	Weekdays	0.0	0.38	0.0	0.0	0.0	42	8	0.0	0.0	0.0	0
765	1	204.749	594.414	247.877	594.457	Spots/Week	0.0	0.38	0.0	0.0	0.0	33	10	0.0	0.0	0.0	0
766	1	285.001	594.414	301.897	594.457	Rate	0.0	0.38	0.0	0.0	0.0	13	4	0.0	0.0	0.0	0
767	1	25.5	603.414	48.172	603.457	Week:	0.0	0.29	0.0	0.0	0.0	29	5	0.0	0.0	0.0	0
768	1	51.749	603.414	82.885	603.457	08/27/12	0.0	0.2	0.0	0.0	0.0	0	8	0.75	0.0	0.0	0
769	1	99.0	603.414	130.136	603.457	09/02/12	0.0	0.13	0.0	0.0	0.0	0	8	0.75	0.0	0.0	0
770	1	144.751	603.339	178.519	603.376	1------	0.0	0.08	0.0	0.0	0.0	0	7	0.14285715	0.0	0.0	0
771	1	265.893	603.414	301.477	603.457	$1,500.00	0.0	0.11	0.0	0.0	0.75	0	9	0.6666667	1.0	7.3138866	0
772	1	45.0	616.914	68.112	616.957	WBTV	0.0	0.14	0.0	0.0	0.0	1249	4	0.0	0.0	0.0	0
773	1	71.249	616.914	102.385	616.957	08/27/12	0.0	0.12	0.0	0.0	0.0	0	8	0.75	0.0	0.0	0
774	1	113.25	616.914	144.386	616.957	08/27/12	0.0	0.2	0.0	0.0	0.0	0	8	0.75	0.0	0.0	0
775	1	155.251	616.914	191.251	616.957	Millionaire	0.0	0.23	0.0	0.0	0.0	398	11	0.0	0.0	0.0	0
776	1	260.252	616.914	274.468	616.957	M-F	0.0	0.25	0.0	0.0	0.0	47	3	0.0	0.0	0.0	0
777	1	276.692	616.914	306.044	616.957	730p-8p	0.0	0.25	0.0	0.0	0.0	72	7	0.5714286	0.0	0.0	0
778	1	386.371	616.914	397.491	616.957	:30	0.0	0.23	0.0	0.0	0.0	0	3	0.6666667	0.0	0.0	0
779	1	556.892	616.914	592.476	616.957	$1,500.00	0.0	0.17	0.0	0.0	0.75	0	9	0.6666667	1.0	7.3138866	0
780	1	51.749	626.664	68.645	626.707	Start	0.0	0.22	0.0	0.0	0.0	26	5	0.0	0.0	0.0	0
781	1	70.869	626.664	87.765	626.707	Date	0.0	0.24	0.0	0.0	0.0	8	4	0.0	0.0	0.0	0
782	1	99.0	626.664	113.232	626.707	End	0.0	0.3	0.0	0.0	0.0	28	3	0.0	0.0	0.0	0
783	1	115.456	626.664	132.352	626.707	Date	0.0	0.38	0.0	0.0	0.0	8	4	0.0	0.0	0.0	0
784	1	144.751	626.664	182.095	626.707	Weekdays	0.0	0.38	0.0	0.0	0.0	42	8	0.0	0.0	0.0	0
785	1	204.749	626.664	247.877	626.707	Spots/Week	0.0	0.38	0.0	0.0	0.0	33	10	0.0	0.0	0.0	0
786	1	285.001	626.664	301.897	626.707	Rate	0.0	0.38	0.0	0.0	0.0	13	4	0.0	0.0	0.0	0
787	1	25.5	635.664	48.172	635.707	Week:	0.0	0.29	0.0	0.0	0.0	29	5	0.0	0.0	0.0	0
788	1	51.749	635.664	82.885	635.707	08/27/12	0.0	0.2	0.0	0.0	0.0	0	8	0.75	0.0	0.0	0
789	1	99.0	635.664	130.136	635.707	09/02/12	0.0	0.13	0.0	0.0	0.0	0	8	0.75	0.0	0.0	0
790	1	144.751	635.589	178.519	635.626	1------	0.0	0.08	0.0	0.0	0.0	0	7	0.14285715	0.0	0.0	0
791	1	265.893	635.664	301.477	635.707	$1,500.00	0.0	0.11	0.0	0.0	0.75	0	9	0.6666667	1.0	7.3138866	0
792	1	45.0	649.164	68.112	649.207	WBTV	0.0	0.14	0.0	0.0	0.0	1249	4	0.0	0.0	0.0	0
793	1	71.249	649.164	102.385	649.207	08/27/12	0.0	0.19	0.0	0.0	0.0	0	8	0.75	0.0	0.0	0
794	1	113.25	649.164	144.386	649.207	08/27/12	0.0	0.23	0.0	0.0	0.0	0	8	0.75	0.0	0.0	0
795	1	155.251	649.164	175.699	649.207	David	0.0	0.28	0.0	0.0	0.0	406	5	0.0	0.0	0.0	0
796	1	177.923	649.164	213.939	649.207	Letterman	0.0	0.28	0.0	0.0	0.0	428	9	0.0	0.0	0.0	0
797	1	260.252	649.164	302.948	649.207	1135-1237a	0.0	0.22	0.0	0.0	0.0	16	10	0.8	0.0	0.0	0
798	1	386.371	649.164	397.491	649.207	:30	0.0	0.2	0.0	0.0	0.0	0	3	0.6666667	0.0	0.0	0
799	1	556.892	649.164	592.476	649.207	$1,500.00	0.0	0.17	0.0	0.0	0.75	0	9	0.6666667	1.0	7.3138866	0
800	1	51.749	658.914	68.645	658.957	Start	0.0	0.22	0.0	0.0	0.0	26	5	0.0	0.0	0.0	0
801	1	70.869	658.914	87.765	658.957	Date	0.0	0.24	0.0	0.0	0.0	8	4	0.0	0.0	0.0	0
802	1	99.0	658.914	113.232	658.957	End	0.0	0.3	0.0	0.0	0.0	28	3	0.0	0.0	0.0	0
803	1	115.456	658.914	132.352	658.957	Date	0.0	0.38	0.0	0.0	0.0	8	4	0.0	0.0	0.0	0
804	1	144.751	658.914	182.095	658.957	Weekdays	0.0	0.38	0.0	0.0	0.0	42	8	0.0	0.0	0.0	0
805	1	204.749	658.914	247.877	658.957	Spots/Week	0.0	0.38	0.0	0.0	0.0	33	10	0.0	0.0	0.0	0
806	1	285.001	658.914	301.897	658.957	Rate	0.0	0.38	0.0	0.0	0.0	13	4	0.0	0.0	0.0	0
807	1	25.5	667.914	48.172	667.957	Week:	0.0	0.29	0.0	0.0	0.0	29	5	0.0	0.0	0.0	0
808	1	51.749	667.914	82.885	667.957	08/27/12	0.0	0.2	0.0	0.0	0.0	0	8	0.75	0.0	0.0	0
809	1	99.0	667.914	130.136	667.957	09/02/12	0.0	0.13	0.0	0.0	0.0	0	8	0.75	0.0	0.0	0
810	1	144.751	667.839	178.519	667.876	2------	0.0	0.08	0.0	0.0	0.0	0	7	0.14285715	0.0	0.0	0
811	1	272.613	667.914	301.525	667.957	$750.00	0.0	0.11	0.0	0.0	0.67	0	7	0.71428573	1.0	6.6214056	0
812	1	45.0	681.414	68.112	681.457	WBTV	0.0	0.14	0.0	0.0	0.0	1249	4	0.0	0.0	0.0	0
813	1	71.249	681.414	102.385	681.457	08/27/12	0.0	0.11	0.0	0.0	0.0	0	8	0.75	0.0	0.0	0
814	1	113.25	681.414	144.386	681.457	08/27/12	0.0	0.11	0.0	0.0	0.0	0	8	0.75	0.0	0.0	0
815	1	155.251	681.414	178.363	681.457	WBTV	0.0	0.13	0.0	0.0	0.0	1249	4	0.0	0.0	0.0	0
816	1	180.587	681.414	200.587	681.457	News	0.0	0.15	0.0	0.0	0.0	17	4	0.0	0.0	0.0	0
817	1	260.252	681.414	285.156	681.457	5-530a	0.0	0.13	0.0	0.0	0.0	16	6	0.6666667	0.0	0.0	0
818	1	386.371	681.414	397.491	681.457	:30	0.0	0.12	0.0	0.0	0.0	0	3	0.6666667	0.0	0.0	0
819	1	563.612	681.414	592.524	681.457	$625.00	0.0	0.18	0.0	0.0	0.53	0	7	0.71428573	1.0	6.4393506	0
820	1	51.749	691.164	68.645	691.207	Start	0.0	0.22	0.0	0.0	0.0	26	5	0.0	0.0	0.0	0
821	1	70.869	691.164	87.765	691.207	Date	0.0	0.24	0.0	0.0	0.0	8	4	0.0	0.0	0.0	0
822	1	99.0	691.164	113.232	691.207	End	0.0	0.3	0.0	0.0	0.0	28	3	0.0	0.0	0.0	0
823	1	115.456	691.164	132.352	691.207	Date	0.0	0.38	0.0	0.0	0.0	8	4	0.0	0.0	0.0	0
824	1	144.751	691.164	182.095	691.207	Weekdays	0.0	0.38	0.0	0.0	0.0	42	8	0.0	0.0	0.0	0
825	1	204.749	691.164	247.877	691.207	Spots/Week	0.0	0.38	0.0	0.0	0.0	33	10	0.0	0.0	0.0	0
826	1	285.001	691.164	301.897	691.207	Rate	0.0	0.38	0.0	0.0	0.0	13	4	0.0	0.0	0.0	0
827	1	25.5	700.164	48.172	700.207	Week:	0.0	0.29	0.0	0.0	0.0	29	5	0.0	0.0	0.0	0
828	1	51.749	700.164	82.885	700.207	08/27/12	0.0	0.2	0.0	0.0	0.0	0	8	0.75	0.0	0.0	0
829	1	99.0	700.164	130.136	700.207	09/02/12	0.0	0.13	0.0	0.0	0.0	0	8	0.75	0.0	0.0	0
830	1	144.751	700.089	178.519	700.126	1------	0.0	0.08	0.0	0.0	0.0	0	7	0.14285715	0.0	0.0	0
831	1	272.613	700.164	301.525	700.207	$625.00	0.0	0.29	0.0	0.0	0.53	0	7	0.71428573	1.0	6.4393506	0
832	1	213.517	729.694	228.637	729.737	Line	0.0	0.36	0.0	0.0	0.0	89	4	0.0	0.0	0.0	0
833	1	230.861	729.694	278.877	729.737	Transactions:	0.0	0.36	0.0	0.0	0.0	148	13	0.0	0.0	0.0	0
834	1	298.221	729.694	316.445	729.737	New,	0.0	0.34	0.0	0.0	0.0	46	4	0.0	0.0	0.0	0
835	1	333.125	729.694	358.029	729.737	Edited,	0.0	0.26	0.0	0.0	0.0	149	7	0.0	0.0	0.0	0
836	1	375.149	729.694	405.381	729.737	Deleted)	0.0	0.24	0.0	0.0	0.0	147	8	0.0	0.0	0.0	0
837	1	21.45	737.261	64.134	737.294	Notwithstanding	0.0	0.24	0.0	0.0	0.0	180	15	0.0	0.0	0.0	0
838	1	72.474	737.261	88.476	737.294	whom	0.0	0.28	0.0	0.0	0.0	184	4	0.0	0.0	0.0	0
839	1	90.144	737.261	100.476	737.294	bills	0.0	0.31	0.0	0.0	0.0	186	5	0.0	0.0	0.0	0
840	1	102.144	737.261	110.814	737.294	are	0.0	0.35	0.0	0.0	0.0	127	3	0.0	0.0	0.0	0
841	1	112.482	737.261	138.162	737.294	rendered,	0.0	0.35	0.0	0.0	0.0	185	9	0.0	0.0	0.0	0
842	1	139.83	737.261	167.838	737.294	advertiser,	0.0	0.42	0.0	0.0	0.0	6	11	0.0	0.0	0.0	0
843	1	169.506	737.261	188.85	737.294	agency	0.0	0.41	0.0	0.0	0.0	2	6	0.0	0.0	0.0	0
844	1	190.518	737.261	200.526	737.294	and	0.0	0.4	0.0	0.0	0.0	77	3	0.0	0.0	0.0	0
845	1	202.194	737.261	222.864	737.294	service,	0.0	0.4	0.0	0.0	0.0	169	8	0.0	0.0	0.0	0
846	1	224.532	737.261	239.868	737.294	jointly	0.0	0.4	0.0	0.0	0.0	155	7	0.0	0.0	0.0	0
847	1	241.536	737.261	251.544	737.294	and	0.0	0.4	0.0	0.0	0.0	77	3	0.0	0.0	0.0	0
848	1	253.212	737.261	278.55	737.294	severally,	0.0	0.4	0.0	0.0	0.0	151	10	0.0	0.0	0.0	0
849	1	280.218	737.261	292.554	737.294	shall	0.0	0.25	0.0	0.0	0.0	137	5	0.0	0.0	0.0	0
850	1	294.222	737.261	312.558	737.294	remain	0.0	0.24	0.0	0.0	0.0	179	6	0.0	0.0	0.0	0
851	1	314.226	737.261	338.574	737.294	obligated	0.0	0.22	0.0	0.0	0.0	181	9	0.0	0.0	0.0	0
852	1	346.914	737.261	356.586	737.294	pay	0.0	0.24	0.0	0.0	0.0	178	3	0.0	0.0	0.0	0
853	1	364.926	737.261	382.602	737.294	station	0.0	0.24	0.0	0.0	0.0	57	7	0.0	0.0	0.0	0
854	1	384.27	737.261	392.61	737.294	the	0.0	0.28	0.0	0.0	0.0	44	3	0.0	0.0	0.0	0
855	1	394.278	737.261	414.288	737.294	amount	0.0	0.3	0.0	0.0	0.0	25	6	0.0	0.0	0.0	0
856	1	422.628	737.261	432.3	737.294	any	0.0	0.3	0.0	0.0	0.0	126	3	0.0	0.0	0.0	0
857	1	433.968	737.261	444.3	737.294	bills	0.0	0.26	0.0	0.0	0.0	186	5	0.0	0.0	0.0	0
858	1	445.968	737.261	469.98	737.294	rendered	0.0	0.27	0.0	0.0	0.0	185	8	0.0	0.0	0.0	0
859	1	479.652	737.261	497.328	737.294	station	0.0	0.29	0.0	0.0	0.0	57	7	0.0	0.0	0.0	0
860	1	498.996	737.261	514.332	737.294	within	0.0	0.29	0.0	0.0	0.0	167	6	0.0	0.0	0.0	0
861	1	516.0	737.261	524.34	737.294	the	0.0	0.32	0.0	0.0	0.0	44	3	0.0	0.0	0.0	0
862	1	526.008	737.261	537.342	737.294	time	0.0	0.34	0.0	0.0	0.0	22	4	0.0	0.0	0.0	0
863	1	539.01	737.261	562.686	737.294	specified	0.0	0.34	0.0	0.0	0.0	153	9	0.0	0.0	0.0	0
864	1	564.354	737.261	574.362	737.294	and	0.0	0.33	0.0	0.0	0.0	77	3	0.0	0.0	0.0	0
865	1	576.03	737.261	587.034	737.294	until	0.0	0.33	0.0	0.0	0.0	177	5	0.0	0.0	0.0	0
866	1	29.31	744.341	52.32	744.374	payment	0.0	0.34	0.0	0.0	0.0	118	7	0.0	0.0	0.0	0
867	1	60.324	744.341	67.992	744.374	full	0.0	0.34	0.0	0.0	0.0	176	4	0.0	0.0	0.0	0
868	1	75.66	744.341	98.334	744.374	received	0.0	0.25	0.0	0.0	0.0	164	8	0.0	0.0	0.0	0
869	1	108.006	744.341	127.35	744.374	station.	0.0	0.31	0.0	0.0	0.0	57	8	0.0	0.0	0.0	0
870	1	130.686	744.341	154.362	744.374	Payment	0.0	0.39	0.0	0.0	0.0	118	7	0.0	0.0	0.0	0
871	1	164.034	744.341	190.374	744.374	advertiser	0.0	0.47	0.0	0.0	0.0	6	10	0.0	0.0	0.0	0
872	1	198.714	744.341	218.058	744.374	agency	0.0	0.45	0.0	0.0	0.0	2	6	0.0	0.0	0.0	0
873	1	233.4	744.341	252.402	744.374	service	0.0	0.5	0.0	0.0	0.0	169	7	0.0	0.0	0.0	0
874	1	261.072	744.341	284.082	744.374	payment	0.0	0.5	0.0	0.0	0.0	118	7	0.0	0.0	0.0	0
875	1	293.754	744.341	313.098	744.374	agency	0.0	0.32	0.0	0.0	0.0	2	6	0.0	0.0	0.0	0
876	1	321.438	744.341	342.108	744.374	service,	0.0	0.42	0.0	0.0	0.0	169	8	0.0	0.0	0.0	0
877	1	343.776	744.341	356.112	744.374	shall	0.0	0.42	0.0	0.0	0.0	137	5	0.0	0.0	0.0	0
878	1	357.78	744.341	366.12	744.374	not	0.0	0.42	0.0	0.0	0.0	117	3	0.0	0.0	0.0	0
879	1	367.788	744.341	393.468	744.374	constitute	0.0	0.38	0.0	0.0	0.0	156	10	0.0	0.0	0.0	0
880	1	395.136	744.341	418.146	744.374	payment	0.0	0.36	0.0	0.0	0.0	118	7	0.0	0.0	0.0	0
881	1	426.486	744.341	445.83	744.374	station.	0.0	0.36	0.0	0.0	0.0	57	8	0.0	0.0	0.0	0
882	1	449.166	744.341	467.844	744.374	Station	0.0	0.35	0.0	0.0	0.0	57	7	0.0	0.0	0.0	0
883	1	469.512	744.341	477.84	744.374	will	0.0	0.28	0.0	0.0	0.0	174	4	0.0	0.0	0.0	0
884	1	479.508	744.341	487.848	744.374	not	0.0	0.28	0.0	0.0	0.0	117	3	0.0	0.0	0.0	0
885	1	497.856	744.341	514.536	744.374	bound	0.0	0.19	0.0	0.0	0.0	202	5	0.0	0.0	0.0	0
886	1	524.208	744.341	552.888	744.374	conditions,	0.0	0.24	0.0	0.0	0.0	125	11	0.0	0.0	0.0	0
887	1	554.556	744.341	572.898	744.374	printed	0.0	0.32	0.0	0.0	0.0	159	7	0.0	0.0	0.0	0
888	1	121.83	751.421	149.172	751.454	otherwise,	0.0	0.38	0.0	0.0	0.0	146	10	0.0	0.0	0.0	0
889	1	159.18	751.421	185.19	751.454	contracts,	0.0	0.38	0.0	0.0	0.0	130	10	0.0	0.0	0.0	0
890	1	186.858	751.421	209.532	751.454	insertion	0.0	0.43	0.0	0.0	0.0	208	9	0.0	0.0	0.0	0
891	1	211.2	751.421	229.872	751.454	orders,	0.0	0.43	0.0	0.0	0.0	54	7	0.0	0.0	0.0	0
892	1	231.54	751.421	244.212	751.454	copy	0.0	0.43	0.0	0.0	0.0	206	4	0.0	0.0	0.0	0
893	1	245.88	751.421	276.222	751.454	instructions	0.0	0.38	0.0	0.0	0.0	172	12	0.0	0.0	0.0	0
894	1	284.892	751.421	294.564	751.454	any	0.0	0.44	0.0	0.0	0.0	126	3	0.0	0.0	0.0	0
895	1	296.232	751.421	339.252	751.454	correspondence	0.0	0.44	0.0	0.0	0.0	183	14	0.0	0.0	0.0	0
896	1	340.92	751.421	355.26	751.454	when	0.0	0.4	0.0	0.0	0.0	204	4	0.0	0.0	0.0	0
897	1	356.928	751.421	369.6	751.454	such	0.0	0.34	0.0	0.0	0.0	168	4	0.0	0.0	0.0	0
898	1	371.268	751.421	389.94	751.454	conflict	0.0	0.24	0.0	0.0	0.0	207	8	0.0	0.0	0.0	0
899	1	391.608	751.421	402.276	751.454	with	0.0	0.24	0.0	0.0	0.0	101	4	0.0	0.0	0.0	0
900	1	403.944	751.421	412.284	751.454	the	0.0	0.26	0.0	0.0	0.0	44	3	0.0	0.0	0.0	0
901	1	413.952	751.421	430.296	751.454	above	0.0	0.35	0.0	0.0	0.0	135	5	0.0	0.0	0.0	0
902	1	431.964	751.421	446.964	751.454	terms	0.0	0.35	0.0	0.0	0.0	100	5	0.0	0.0	0.0	0
903	1	448.632	751.421	458.64	751.454	and	0.0	0.35	0.0	0.0	0.0	77	3	0.0	0.0	0.0	0
904	1	460.308	751.421	488.988	751.454	conditions.	0.0	0.35	0.0	0.0	0.0	125	11	0.0	0.0	0.0	0
905	1	19.41	765.581	30.744	765.614	This	0.0	0.31	0.0	0.0	0.0	82	4	0.0	0.0	0.0	0
906	1	32.412	765.581	50.088	765.614	station	0.0	0.28	0.0	0.0	0.0	57	7	0.0	0.0	0.0	0
907	1	51.756	765.581	64.764	765.614	does	0.0	0.28	0.0	0.0	0.0	212	4	0.0	0.0	0.0	0
908	1	66.432	765.581	74.772	765.614	not	0.0	0.28	0.0	0.0	0.0	117	3	0.0	0.0	0.0	0
909	1	76.44	765.581	108.444	765.614	discriminate	0.0	0.25	0.0	0.0	0.0	197	12	0.0	0.0	0.0	0
910	1	116.448	765.581	145.458	765.614	advertising	0.0	0.34	0.0	0.0	0.0	157	11	0.0	0.0	0.0	0
911	1	147.126	765.581	171.468	765.614	contracts	0.0	0.34	0.0	0.0	0.0	130	9	0.0	0.0	0.0	0
912	1	181.476	765.581	189.816	765.614	the	0.0	0.34	0.0	0.0	0.0	44	3	0.0	0.0	0.0	0
913	1	191.484	765.581	205.488	765.614	basis	0.0	0.28	0.0	0.0	0.0	195	5	0.0	0.0	0.0	0
914	1	213.828	765.581	225.498	765.614	race	0.0	0.42	0.0	0.0	0.0	188	4	0.0	0.0	0.0	0
915	1	234.168	765.581	257.844	765.614	ethnicity.	0.0	0.45	0.0	0.0	0.0	199	10	0.0	0.0	0.0	0
916	1	261.18	765.581	271.518	765.614	Any	0.0	0.45	0.0	0.0	0.0	126	3	0.0	0.0	0.0	0
917	1	273.186	765.581	297.192	765.614	provision	0.0	0.45	0.0	0.0	0.0	296	9	0.0	0.0	0.0	0
918	1	305.196	765.581	314.868	765.614	any	0.0	0.41	0.0	0.0	0.0	126	3	0.0	0.0	0.0	0
919	1	316.536	765.581	330.54	765.614	order	0.0	0.34	0.0	0.0	0.0	9	5	0.0	0.0	0.0	0
920	1	339.21	765.581	367.89	765.614	agreement	0.0	0.45	0.0	0.0	0.0	115	9	0.0	0.0	0.0	0
921	1	369.558	765.581	376.56	765.614	for	0.0	0.45	0.0	0.0	0.0	50	3	0.0	0.0	0.0	0
922	1	378.228	765.581	407.238	765.614	advertising	0.0	0.45	0.0	0.0	0.0	157	11	0.0	0.0	0.0	0
923	1	408.906	765.581	418.914	765.614	that	0.0	0.45	0.0	0.0	0.0	173	4	0.0	0.0	0.0	0
924	1	420.582	765.581	442.59	765.614	purports	0.0	0.36	0.0	0.0	0.0	348	8	0.0	0.0	0.0	0
925	1	450.93	765.581	482.934	765.614	discriminate	0.0	0.27	0.0	0.0	0.0	197	12	0.0	0.0	0.0	0
926	1	492.942	765.581	501.282	765.614	the	0.0	0.27	0.0	0.0	0.0	44	3	0.0	0.0	0.0	0
927	1	502.95	765.581	516.954	765.614	basis	0.0	0.28	0.0	0.0	0.0	195	5	0.0	0.0	0.0	0
928	1	525.294	765.581	536.964	765.614	race	0.0	0.42	0.0	0.0	0.0	188	4	0.0	0.0	0.0	0
929	1	545.634	765.581	569.31	765.614	ethnicity,	0.0	0.42	0.0	0.0	0.0	199	10	0.0	0.0	0.0	0
930	1	570.978	765.581	583.986	765.614	even	0.0	0.38	0.0	0.0	0.0	336	4	0.0	0.0	0.0	0
931	1	190.77	772.661	223.452	772.694	handwritten,	0.0	0.36	0.0	0.0	0.0	349	12	0.0	0.0	0.0	0
932	1	225.12	772.661	239.796	772.694	typed	0.0	0.36	0.0	0.0	0.0	350	5	0.0	0.0	0.0	0
933	1	248.466	772.661	274.14	772.694	otherwise	0.0	0.32	0.0	0.0	0.0	146	9	0.0	0.0	0.0	0
934	1	275.808	772.661	290.814	772.694	made	0.0	0.3	0.0	0.0	0.0	252	4	0.0	0.0	0.0	0
935	1	297.486	772.661	307.824	772.694	part	0.0	0.31	0.0	0.0	0.0	236	4	0.0	0.0	0.0	0
936	1	321.168	772.661	345.84	772.694	particular	0.0	0.39	0.0	0.0	0.0	251	10	0.0	0.0	0.0	0
937	1	347.508	772.661	370.518	772.694	contract,	0.0	0.39	0.0	0.0	0.0	53	9	0.0	0.0	0.0	0
938	1	378.186	772.661	396.528	772.694	hereby	0.0	0.29	0.0	0.0	0.0	218	6	0.0	0.0	0.0	0
939	1	398.196	772.661	421.206	772.694	rejected.	0.0	0.22	0.0	0.0	0.0	332	9	0.0	0.0	0.0	0
940	2	18.0	25.174	48.232	25.217	Contract	0.0	0.27	0.0	0.0	0.0	53	8	0.0	0.0	0.0	0
941	2	50.456	25.174	89.584	25.217	Agreement	0.0	0.32	0.0	0.0	0.0	115	9	0.0	0.0	0.0	0
942	2	91.808	25.174	125.16	25.217	Between:	0.0	0.32	0.0	0.0	0.0	120	8	0.0	0.0	0.0	0
943	2	433.023	25.174	449.471	25.217	Print	0.0	0.32	0.0	0.0	0.0	37	5	0.0	0.0	0.0	0
944	2	451.695	25.174	468.591	25.217	Date	0.0	0.29	0.0	0.0	0.0	8	4	0.0	0.0	0.0	0
945	2	474.001	25.174	505.137	25.217	08/06/12	0.0	0.23	0.0	0.0	0.0	0	8	0.75	0.0	0.0	0
946	2	533.251	25.174	551.931	25.217	Page	0.0	0.23	0.0	0.0	0.0	7	4	0.0	0.0	0.0	0
947	2	406.681	55.174	436.913	55.217	Contract	0.0	0.24	0.0	0.0	0.0	53	8	0.0	0.0	0.0	0
948	2	443.585	55.174	474.257	55.217	Revision	0.0	0.24	0.0	0.0	0.0	75	8	0.0	0.0	0.0	0
949	2	495.842	55.174	505.178	55.217	Alt	0.0	0.24	0.0	0.0	0.0	31	3	0.0	0.0	0.0	0
950	2	507.402	55.174	527.85	55.217	Order	0.0	0.23	0.0	0.0	0.0	9	5	0.0	0.0	0.0	0
951	2	119.999	60.957	149.439	61.012	WBTV	0.0	0.23	0.0	0.0	0.0	1249	4	0.0	0.0	0.0	0
952	2	417.001	67.174	443.689	67.217	805046	0.0	0.16	0.0	0.0	0.67	0	6	1.0	1.0	13.598656	0
953	2	495.842	67.174	531.426	67.217	06263980	0.0	0.23	0.0	0.0	0.53	0	8	1.0	1.0	15.650327	0
954	2	119.999	72.957	139.449	73.012	One	0.0	0.29	0.0	0.0	0.0	778	3	0.0	0.0	0.0	0
955	2	142.229	72.957	171.129	73.012	Julian	0.0	0.32	0.0	0.0	0.0	1400	6	0.0	0.0	0.0	0
956	2	173.909	72.957	198.369	73.012	Price	0.0	0.32	0.0	0.0	0.0	295	5	0.0	0.0	0.0	0
957	2	201.149	72.957	227.279	73.012	Place	0.0	0.32	0.0	0.0	0.0	300	5	0.0	0.0	0.0	0
958	2	119.999	84.957	166.669	85.012	Charlotte,	0.0	0.29	0.0	0.0	0.0	674	10	0.0	0.0	0.0	0
959	2	189.449	84.957	217.249	85.012	28208	0.0	0.3	0.0	0.0	0.59	0	5	1.0	1.0	10.247396	0
960	2	309.002	85.174	339.234	85.217	Contract	0.0	0.33	0.0	0.0	0.0	53	8	0.0	0.0	0.0	0
961	2	341.458	85.174	362.354	85.217	Dates	0.0	0.41	0.0	0.0	0.0	18	5	0.0	0.0	0.0	0
962	2	405.751	85.174	433.319	85.217	Product	0.0	0.41	0.0	0.0	0.0	5	7	0.0	0.0	0.0	0
963	2	495.0	85.174	526.12	85.217	Estimate	0.0	0.38	0.0	0.0	0.0	23	8	0.0	0.0	0.0	0
964	2	119.999	96.957	143.339	97.012	(704)	0.0	0.23	0.0	0.0	0.0	0	5	0.6	0.0	0.0	0
965	2	146.119	96.957	188.369	97.012	374-3500	0.0	0.09	0.0	0.0	0.0	0	8	0.875	0.0	0.0	0
966	2	309.002	97.414	340.138	97.458	08/22/12	0.0	0.27	0.0	0.0	0.0	0	8	0.75	0.0	0.0	0
967	2	347.25	97.414	378.386	97.458	08/27/12	0.0	0.63	0.0	0.0	0.0	0	8	0.75	0.0	0.0	0
968	2	406.681	97.174	441.345	97.217	AMRCNS	0.0	0.74	0.0	0.0	0.0	3826	6	0.0	0.0	0.0	0
969	2	450.241	97.174	513.634	97.458	PROSPERIT1Y836	0.0	0.74	0.0	0.0	0.0	1085	14	0.2857143	0.0	0.0	0
970	2	309.002	115.174	345.01	115.217	Advertiser	0.0	0.6	0.0	0.0	0.0	6	10	0.0	0.0	0.0	0
971	2	475.501	115.174	503.061	115.217	Original	0.0	0.4	0.0	0.0	0.0	39	8	0.0	0.0	0.0	0
972	2	505.285	115.174	522.181	115.217	Date	0.0	0.41	0.0	0.0	0.0	8	4	0.0	0.0	0.0	0
973	2	528.853	115.174	559.525	115.217	Revision	0.0	0.85	0.0	0.0	0.0	75	8	0.0	0.0	0.0	0
974	2	309.002	128.914	349.906	128.958	Americans	0.0	1.0	0.0	0.0	0.0	984	9	0.0	0.0	0.0	advertiser
975	2	352.13	128.914	365.018	128.958	For	0.0	1.0	0.0	0.0	0.0	50	3	0.0	0.0	0.0	advertiser
976	2	367.242	128.914	406.81	128.958	Prosperity	0.0	1.0	0.0	0.0	0.0	1085	10	0.0	0.0	0.0	advertiser
977	2	483.54	127.174	514.676	127.217	08/06/12	0.0	0.85	0.0	0.0	0.0	0	8	0.75	0.0	0.0	0
978	2	536.416	127.174	567.552	127.217	08/06/12	0.0	0.41	0.0	0.0	0.0	0	8	0.75	0.0	0.0	0
979	2	401.25	151.261	426.765	151.309	Spots/	0.0	0.21	0.0	0.0	0.0	4	6	0.0	0.0	0.0	0
980	2	534.002	150.511	558.509	150.559	Totals	0.0	0.2	0.0	0.0	0.0	30	6	0.0	0.0	0.0	0
981	2	20.251	162.511	41.609	163.401	*Line	0.0	0.2	0.0	0.0	0.0	89	5	0.0	0.0	0.0	0
982	2	69.749	162.511	88.757	162.559	Start	0.0	0.22	0.0	0.0	0.0	26	5	0.0	0.0	0.0	0
983	2	91.259	162.511	128.512	162.559	DateEnd	0.0	0.3	0.0	0.0	0.0	144	7	0.0	0.0	0.0	0
984	2	131.014	162.511	150.022	162.559	Date	0.0	0.35	0.0	0.0	0.0	8	4	0.0	0.0	0.0	0
985	2	155.251	162.511	200.26	162.559	Description	0.0	0.35	0.0	0.0	0.0	62	11	0.0	0.0	0.0	0
986	2	260.252	162.511	297.773	162.559	Start/End	0.0	0.35	0.0	0.0	0.0	35	9	0.0	0.0	0.0	0
987	2	300.275	162.511	320.273	162.559	Time	0.0	0.28	0.0	0.0	0.0	22	4	0.0	0.0	0.0	0
988	2	333.751	162.511	354.253	162.559	Days	0.0	0.28	0.0	0.0	0.0	38	4	0.0	0.0	0.0	0
989	2	369.0	162.511	396.522	162.559	Length	0.0	0.28	0.0	0.0	0.0	56	6	0.0	0.0	0.0	0
990	2	401.25	162.511	424.254	162.559	Week	0.0	0.31	0.0	0.0	0.0	29	4	0.0	0.0	0.0	0
991	2	444.75	162.511	463.758	162.559	Rate	0.0	0.34	0.0	0.0	0.0	13	4	0.0	0.0	0.0	0
992	2	489.002	162.511	533.014	162.559	TypeSpots	0.0	0.34	0.0	0.0	0.0	158	9	0.0	0.0	0.0	0
993	2	558.751	162.511	589.765	162.559	Amount	0.0	0.29	0.0	0.0	0.0	25	6	0.0	0.0	0.0	0
994	2	51.749	175.174	68.645	175.217	Start	0.0	0.24	0.0	0.0	0.0	26	5	0.0	0.0	0.0	0
995	2	70.869	175.174	87.765	175.217	Date	0.0	0.24	0.0	0.0	0.0	8	4	0.0	0.0	0.0	0
996	2	99.0	175.174	113.232	175.217	End	0.0	0.3	0.0	0.0	0.0	28	3	0.0	0.0	0.0	0
997	2	115.456	175.174	132.352	175.217	Date	0.0	0.38	0.0	0.0	0.0	8	4	0.0	0.0	0.0	0
998	2	144.751	175.174	182.095	175.217	Weekdays	0.0	0.38	0.0	0.0	0.0	42	8	0.0	0.0	0.0	0
999	2	204.749	175.174	247.877	175.217	Spots/Week	0.0	0.38	0.0	0.0	0.0	33	10	0.0	0.0	0.0	0
1000	2	285.001	175.174	301.897	175.217	Rate	0.0	0.38	0.0	0.0	0.0	13	4	0.0	0.0	0.0	0
1001	2	45.0	187.174	68.112	187.217	WBTV	0.0	0.24	0.0	0.0	0.0	1249	4	0.0	0.0	0.0	0
1002	2	71.249	187.174	102.385	187.217	08/27/12	0.0	0.11	0.0	0.0	0.0	0	8	0.75	0.0	0.0	0
1003	2	113.25	187.174	144.386	187.217	08/27/12	0.0	0.14	0.0	0.0	0.0	0	8	0.75	0.0	0.0	0
1004	2	155.251	187.174	170.811	187.217	Mon	0.0	0.18	0.0	0.0	0.0	270	3	0.0	0.0	0.0	0
1005	2	173.035	187.174	193.923	187.217	Prime	0.0	0.21	0.0	0.0	0.0	113	5	0.0	0.0	0.0	0
1006	2	196.147	187.174	213.483	187.217	Hour	0.0	0.21	0.0	0.0	0.0	318	4	0.0	0.0	0.0	0
1007	2	260.252	187.174	285.156	187.217	10-11p	0.0	0.21	0.0	0.0	0.0	27	6	0.6666667	0.0	0.0	0
1008	2	386.371	187.174	397.491	187.217	:30	0.0	0.11	0.0	0.0	0.0	0	3	0.6666667	0.0	0.0	0
1009	2	552.452	187.174	592.484	187.217	$12,000.00	0.0	0.16	0.0	0.0	0.71	0	10	0.7	1.0	9.392745	0
1010	2	51.749	196.924	68.645	196.967	Start	0.0	0.22	0.0	0.0	0.0	26	5	0.0	0.0	0.0	0
1011	2	70.869	196.924	87.765	196.967	Date	0.0	0.24	0.0	0.0	0.0	8	4	0.0	0.0	0.0	0
1012	2	99.0	196.924	113.232	196.967	End	0.0	0.3	0.0	0.0	0.0	28	3	0.0	0.0	0.0	0
1013	2	115.456	196.924	132.352	196.967	Date	0.0	0.38	0.0	0.0	0.0	8	4	0.0	0.0	0.0	0
1014	2	144.751	196.924	182.095	196.967	Weekdays	0.0	0.38	0.0	0.0	0.0	42	8	0.0	0.0	0.0	0
1015	2	204.749	196.924	247.877	196.967	Spots/Week	0.0	0.38	0.0	0.0	0.0	33	10	0.0	0.0	0.0	0
1016	2	285.001	196.924	301.897	196.967	Rate	0.0	0.38	0.0	0.0	0.0	13	4	0.0	0.0	0.0	0
1017	2	25.5	205.924	48.172	205.967	Week:	0.0	0.29	0.0	0.0	0.0	29	5	0.0	0.0	0.0	0
1018	2	51.749	205.924	82.885	205.967	08/27/12	0.0	0.2	0.0	0.0	0.0	0	8	0.75	0.0	0.0	0
1019	2	99.0	205.924	130.136	205.967	09/02/12	0.0	0.13	0.0	0.0	0.0	0	8	0.75	0.0	0.0	0
1020	2	144.751	205.839	178.519	205.876	2------	0.0	0.08	0.0	0.0	0.0	0	7	0.14285715	0.0	0.0	0
1021	2	265.893	205.924	301.477	205.967	$6,000.00	0.0	0.11	0.0	0.0	0.62	0	9	0.6666667	1.0	8.699681	0
1022	2	45.0	219.424	68.112	219.467	WBTV	0.0	0.14	0.0	0.0	0.0	1249	4	0.0	0.0	0.0	0
1023	2	71.249	219.424	102.385	219.467	08/26/12	0.0	0.11	0.0	0.0	0.0	0	8	0.75	0.0	0.0	0
1024	2	113.25	219.424	144.386	219.467	08/26/12	0.0	0.14	0.0	0.0	0.0	0	8	0.75	0.0	0.0	0
1025	2	155.251	219.424	169.483	219.467	Sun	0.0	0.18	0.0	0.0	0.0	102	3	0.0	0.0	0.0	0
1026	2	171.707	219.424	192.595	219.467	Prime	0.0	0.22	0.0	0.0	0.0	113	5	0.0	0.0	0.0	0
1027	2	194.819	219.424	212.155	219.467	Hour	0.0	0.22	0.0	0.0	0.0	318	4	0.0	0.0	0.0	0
1028	2	260.252	219.424	276.26	219.467	7-8p	0.0	0.22	0.0	0.0	0.0	27	4	0.5	0.0	0.0	0
1029	2	386.371	219.424	397.491	219.467	:30	0.0	0.12	0.0	0.0	0.0	0	3	0.6666667	0.0	0.0	0
1030	2	552.452	219.424	592.484	219.467	$15,200.00	0.0	0.16	0.0	0.0	0.71	0	10	0.7	1.0	9.629116	0
1031	2	51.749	229.174	68.645	229.217	Start	0.0	0.22	0.0	0.0	0.0	26	5	0.0	0.0	0.0	0
1032	2	70.869	229.174	87.765	229.217	Date	0.0	0.24	0.0	0.0	0.0	8	4	0.0	0.0	0.0	0
1033	2	99.0	229.174	113.232	229.217	End	0.0	0.3	0.0	0.0	0.0	28	3	0.0	0.0	0.0	0
1034	2	115.456	229.174	132.352	229.217	Date	0.0	0.38	0.0	0.0	0.0	8	4	0.0	0.0	0.0	0
1035	2	144.751	229.174	182.095	229.217	Weekdays	0.0	0.38	0.0	0.0	0.0	42	8	0.0	0.0	0.0	0
1036	2	204.749	229.174	247.877	229.217	Spots/Week	0.0	0.38	0.0	0.0	0.0	33	10	0.0	0.0	0.0	0
1037	2	285.001	229.174	301.897	229.217	Rate	0.0	0.38	0.0	0.0	0.0	13	4	0.0	0.0	0.0	0
1038	2	25.5	238.174	48.172	238.217	Week:	0.0	0.29	0.0	0.0	0.0	29	5	0.0	0.0	0.0	0
1039	2	51.749	238.174	82.885	238.217	08/20/12	0.0	0.2	0.0	0.0	0.0	0	8	0.75	0.0	0.0	0
1040	2	99.0	238.174	130.136	238.217	08/26/12	0.0	0.13	0.0	0.0	0.0	0	8	0.75	0.0	0.0	0
1041	2	144.751	238.089	178.519	238.126	------2	0.0	0.09	0.0	0.0	0.0	0	7	0.14285715	0.0	0.0	0
1042	2	265.893	238.174	301.477	238.217	$7,600.00	0.0	0.11	0.0	0.0	0.62	0	9	0.6666667	1.0	8.936035	0
1043	2	410.041	255.597	437.271	255.651	Totals	0.0	0.14	0.0	0.0	0.0	30	6	0.0	0.0	0.0	0
1044	2	548.006	253.924	592.486	253.967	$108,350.00	0.0	0.28	0.0	0.0	1.0	0	11	0.72727275	1.0	11.593131	gross_amount
1045	2	18.0	269.011	37.998	269.059	Time	0.0	0.38	0.0	0.0	0.0	22	4	0.0	0.0	0.0	0
1046	2	40.5	269.011	66.51	269.059	Period	0.0	0.38	0.0	0.0	0.0	107	6	0.0	0.0	0.0	0
1047	2	134.544	269.011	157.557	269.059	Spots	0.0	0.34	0.0	0.0	0.0	4	5	0.0	0.0	0.0	0
1048	2	172.529	269.011	196.532	269.059	Gross	0.0	0.34	0.0	0.0	0.0	20	5	0.0	0.0	0.0	0
1049	2	199.034	269.011	230.048	269.059	Amount	0.0	0.34	0.0	0.0	0.0	25	6	0.0	0.0	0.0	0
1050	2	255.029	269.011	269.033	269.059	Net	0.0	0.34	0.0	0.0	0.0	14	3	0.0	0.0	0.0	0
1051	2	271.535	269.011	302.549	269.059	Amount	0.0	0.32	0.0	0.0	0.0	25	6	0.0	0.0	0.0	0
1052	2	18.0	284.761	53.028	284.809	07/30/12	0.0	0.27	0.0	0.0	0.0	0	8	0.75	0.0	0.0	0
1053	2	60.749	284.761	99.528	284.809	-08/26/12	0.0	0.18	0.0	0.0	0.0	0	9	0.6666667	0.0	0.0	0
1054	2	184.921	284.761	229.957	284.809	$82,225.00	0.0	0.0	0.0	0.0	0.59	0	10	0.7	1.0	11.317226	0
1055	2	257.669	284.761	302.705	284.809	$69,891.25	0.0	0.0	0.0	0.0	0.24	0	10	0.7	1.0	11.15471	0
1056	2	18.0	297.511	53.028	297.559	08/27/12	0.0	0.0	0.0	0.0	0.0	0	8	0.75	0.0	0.0	0
1057	2	60.749	297.511	99.528	297.559	-08/27/12	0.0	0.0	0.0	0.0	0.0	0	9	0.6666667	0.0	0.0	0
1058	2	184.921	297.511	229.957	297.559	$26,125.00	0.0	0.08	0.0	0.0	0.59	0	10	0.7	1.0	10.170687	0
1059	2	257.669	297.511	302.705	297.559	$22,206.25	0.0	0.11	0.0	0.0	0.24	0	10	0.7	1.0	10.008174	0
1060	2	18.0	312.501	42.507	312.549	Totals	0.0	0.14	0.0	0.0	0.0	30	6	0.0	0.0	0.0	0
1061	2	179.881	312.501	229.921	312.549	$108,350.00	0.0	0.14	0.0	0.0	1.0	0	11	0.72727275	1.0	11.593131	gross_amount
1062	2	257.669	312.501	302.705	312.549	$92,097.50	0.0	0.17	0.0	0.0	0.35	0	10	0.7	1.0	11.4306135	0
1063	2	18.751	363.957	68.201	364.012	Signature:	0.0	0.23	0.0	0.0	0.0	136	10	0.0	0.0	0.0	0
1064	2	306.0	363.957	331.0	364.012	Date:	0.0	0.35	0.0	0.0	0.0	8	5	0.0	0.0	0.0	0
1065	2	213.517	729.694	228.637	729.737	Line	0.0	0.36	0.0	0.0	0.0	89	4	0.0	0.0	0.0	0
1066	2	230.861	729.694	278.877	729.737	Transactions:	0.0	0.36	0.0	0.0	0.0	148	13	0.0	0.0	0.0	0
1067	2	298.221	729.694	316.445	729.737	New,	0.0	0.34	0.0	0.0	0.0	46	4	0.0	0.0	0.0	0
1068	2	333.125	729.694	358.029	729.737	Edited,	0.0	0.26	0.0	0.0	0.0	149	7	0.0	0.0	0.0	0
1069	2	375.149	729.694	405.381	729.737	Deleted)	0.0	0.24	0.0	0.0	0.0	147	8	0.0	0.0	0.0	0
1070	2	21.45	737.261	64.134	737.294	Notwithstanding	0.0	0.24	0.0	0.0	0.0	180	15	0.0	0.0	0.0	0
1071	2	72.474	737.261	88.476	737.294	whom	0.0	0.28	0.0	0.0	0.0	184	4	0.0	0.0	0.0	0
1072	2	90.144	737.261	100.476	737.294	bills	0.0	0.31	0.0	0.0	0.0	186	5	0.0	0.0	0.0	0
1073	2	102.144	737.261	110.814	737.294	are	0.0	0.35	0.0	0.0	0.0	127	3	0.0	0.0	0.0	0
1074	2	112.482	737.261	138.162	737.294	rendered,	0.0	0.35	0.0	0.0	0.0	185	9	0.0	0.0	0.0	0
1075	2	139.83	737.261	167.838	737.294	advertiser,	0.0	0.42	0.0	0.0	0.0	6	11	0.0	0.0	0.0	0
1076	2	169.506	737.261	188.85	737.294	agency	0.0	0.41	0.0	0.0	0.0	2	6	0.0	0.0	0.0	0
1077	2	190.518	737.261	200.526	737.294	and	0.0	0.4	0.0	0.0	0.0	77	3	0.0	0.0	0.0	0
1078	2	202.194	737.261	222.864	737.294	service,	0.0	0.4	0.0	0.0	0.0	169	8	0.0	0.0	0.0	0
1079	2	224.532	737.261	239.868	737.294	jointly	0.0	0.4	0.0	0.0	0.0	155	7	0.0	0.0	0.0	0
1080	2	241.536	737.261	251.544	737.294	and	0.0	0.4	0.0	0.0	0.0	77	3	0.0	0.0	0.0	0
1081	2	253.212	737.261	278.55	737.294	severally,	0.0	0.4	0.0	0.0	0.0	151	10	0.0	0.0	0.0	0
1082	2	280.218	737.261	292.554	737.294	shall	0.0	0.25	0.0	0.0	0.0	137	5	0.0	0.0	0.0	0
1083	2	294.222	737.261	312.558	737.294	remain	0.0	0.24	0.0	0.0	0.0	179	6	0.0	0.0	0.0	0
1084	2	314.226	737.261	338.574	737.294	obligated	0.0	0.22	0.0	0.0	0.0	181	9	0.0	0.0	0.0	0
1085	2	346.914	737.261	356.586	737.294	pay	0.0	0.24	0.0	0.0	0.0	178	3	0.0	0.0	0.0	0
1086	2	364.926	737.261	382.602	737.294	station	0.0	0.24	0.0	0.0	0.0	57	7	0.0	0.0	0.0	0
1087	2	384.27	737.261	392.61	737.294	the	0.0	0.28	0.0	0.0	0.0	44	3	0.0	0.0	0.0	0
1088	2	394.278	737.261	414.288	737.294	amount	0.0	0.3	0.0	0.0	0.0	25	6	0.0	0.0	0.0	0
1089	2	422.628	737.261	432.3	737.294	any	0.0	0.3	0.0	0.0	0.0	126	3	0.0	0.0	0.0	0
1090	2	433.968	737.261	444.3	737.294	bills	0.0	0.26	0.0	0.0	0.0	186	5	0.0	0.0	0.0	0
1091	2	445.968	737.261	469.98	737.294	rendered	0.0	0.27	0.0	0.0	0.0	185	8	0.0	0.0	0.0	0
1092	2	479.652	737.261	497.328	737.294	station	0.0	0.29	0.0	0.0	0.0	57	7	0.0	0.0	0.0	0
1093	2	498.996	737.261	514.332	737.294	within	0.0	0.29	0.0	0.0	0.0	167	6	0.0	0.0	0.0	0
1094	2	516.0	737.261	524.34	737.294	the	0.0	0.32	0.0	0.0	0.0	44	3	0.0	0.0	0.0	0
1095	2	526.008	737.261	537.342	737.294	time	0.0	0.34	0.0	0.0	0.0	22	4	0.0	0.0	0.0	0
1096	2	539.01	737.261	562.686	737.294	specified	0.0	0.34	0.0	0.0	0.0	153	9	0.0	0.0	0.0	0
1097	2	564.354	737.261	574.362	737.294	and	0.0	0.33	0.0	0.0	0.0	77	3	0.0	0.0	0.0	0
1098	2	576.03	737.261	587.034	737.294	until	0.0	0.33	0.0	0.0	0.0	177	5	0.0	0.0	0.0	0
1099	2	29.31	744.341	52.32	744.374	payment	0.0	0.34	0.0	0.0	0.0	118	7	0.0	0.0	0.0	0
1100	2	60.324	744.341	67.992	744.374	full	0.0	0.34	0.0	0.0	0.0	176	4	0.0	0.0	0.0	0
1101	2	75.66	744.341	98.334	744.374	received	0.0	0.25	0.0	0.0	0.0	164	8	0.0	0.0	0.0	0
1102	2	108.006	744.341	127.35	744.374	station.	0.0	0.31	0.0	0.0	0.0	57	8	0.0	0.0	0.0	0
1103	2	130.686	744.341	154.362	744.374	Payment	0.0	0.39	0.0	0.0	0.0	118	7	0.0	0.0	0.0	0
1104	2	164.034	744.341	190.374	744.374	advertiser	0.0	0.47	0.0	0.0	0.0	6	10	0.0	0.0	0.0	0
1105	2	198.714	744.341	218.058	744.374	agency	0.0	0.45	0.0	0.0	0.0	2	6	0.0	0.0	0.0	0
1106	2	233.4	744.341	252.402	744.374	service	0.0	0.5	0.0	0.0	0.0	169	7	0.0	0.0	0.0	0
1107	2	261.072	744.341	284.082	744.374	payment	0.0	0.5	0.0	0.0	0.0	118	7	0.0	0.0	0.0	0
1108	2	293.754	744.341	313.098	744.374	agency	0.0	0.32	0.0	0.0	0.0	2	6	0.0	0.0	0.0	0
1109	2	321.438	744.341	342.108	744.374	service,	0.0	0.42	0.0	0.0	0.0	169	8	0.0	0.0	0.0	0
1110	2	343.776	744.341	356.112	744.374	shall	0.0	0.42	0.0	0.0	0.0	137	5	0.0	0.0	0.0	0
1111	2	357.78	744.341	366.12	744.374	not	0.0	0.42	0.0	0.0	0.0	117	3	0.0	0.0	0.0	0
1112	2	367.788	744.341	393.468	744.374	constitute	0.0	0.38	0.0	0.0	0.0	156	10	0.0	0.0	0.0	0
1113	2	395.136	744.341	418.146	744.374	payment	0.0	0.36	0.0	0.0	0.0	118	7	0.0	0.0	0.0	0
1114	2	426.486	744.341	445.83	744.374	station.	0.0	0.36	0.0	0.0	0.0	57	8	0.0	0.0	0.0	0
1115	2	449.166	744.341	467.844	744.374	Station	0.0	0.35	0.0	0.0	0.0	57	7	0.0	0.0	0.0	0
1116	2	469.512	744.341	477.84	744.374	will	0.0	0.28	0.0	0.0	0.0	174	4	0.0	0.0	0.0	0
1117	2	479.508	744.341	487.848	744.374	not	0.0	0.28	0.0	0.0	0.0	117	3	0.0	0.0	0.0	0
1118	2	497.856	744.341	514.536	744.374	bound	0.0	0.19	0.0	0.0	0.0	202	5	0.0	0.0	0.0	0
1119	2	524.208	744.341	552.888	744.374	conditions,	0.0	0.24	0.0	0.0	0.0	125	11	0.0	0.0	0.0	0
1120	2	554.556	744.341	572.898	744.374	printed	0.0	0.32	0.0	0.0	0.0	159	7	0.0	0.0	0.0	0
1121	2	121.83	751.421	149.172	751.454	otherwise,	0.0	0.38	0.0	0.0	0.0	146	10	0.0	0.0	0.0	0
1122	2	159.18	751.421	185.19	751.454	contracts,	0.0	0.38	0.0	0.0	0.0	130	10	0.0	0.0	0.0	0
1123	2	186.858	751.421	209.532	751.454	insertion	0.0	0.43	0.0	0.0	0.0	208	9	0.0	0.0	0.0	0
1124	2	211.2	751.421	229.872	751.454	orders,	0.0	0.43	0.0	0.0	0.0	54	7	0.0	0.0	0.0	0
1125	2	231.54	751.421	244.212	751.454	copy	0.0	0.43	0.0	0.0	0.0	206	4	0.0	0.0	0.0	0
1126	2	245.88	751.421	276.222	751.454	instructions	0.0	0.38	0.0	0.0	0.0	172	12	0.0	0.0	0.0	0
1127	2	284.892	751.421	294.564	751.454	any	0.0	0.44	0.0	0.0	0.0	126	3	0.0	0.0	0.0	0
1128	2	296.232	751.421	339.252	751.454	correspondence	0.0	0.44	0.0	0.0	0.0	183	14	0.0	0.0	0.0	0
1129	2	340.92	751.421	355.26	751.454	when	0.0	0.4	0.0	0.0	0.0	204	4	0.0	0.0	0.0	0
1130	2	356.928	751.421	369.6	751.454	such	0.0	0.34	0.0	0.0	0.0	168	4	0.0	0.0	0.0	0
1131	2	371.268	751.421	389.94	751.454	conflict	0.0	0.24	0.0	0.0	0.0	207	8	0.0	0.0	0.0	0
1132	2	391.608	751.421	402.276	751.454	with	0.0	0.24	0.0	0.0	0.0	101	4	0.0	0.0	0.0	0
1133	2	403.944	751.421	412.284	751.454	the	0.0	0.26	0.0	0.0	0.0	44	3	0.0	0.0	0.0	0
1134	2	413.952	751.421	430.296	751.454	above	0.0	0.35	0.0	0.0	0.0	135	5	0.0	0.0	0.0	0
1135	2	431.964	751.421	446.964	751.454	terms	0.0	0.35	0.0	0.0	0.0	100	5	0.0	0.0	0.0	0
1136	2	448.632	751.421	458.64	751.454	and	0.0	0.35	0.0	0.0	0.0	77	3	0.0	0.0	0.0	0
1137	2	460.308	751.421	488.988	751.454	conditions.	0.0	0.35	0.0	0.0	0.0	125	11	0.0	0.0	0.0	0
1138	2	19.41	765.581	30.744	765.614	This	0.0	0.31	0.0	0.0	0.0	82	4	0.0	0.0	0.0	0
1139	2	32.412	765.581	50.088	765.614	station	0.0	0.28	0.0	0.0	0.0	57	7	0.0	0.0	0.0	0
1140	2	51.756	765.581	64.764	765.614	does	0.0	0.28	0.0	0.0	0.0	212	4	0.0	0.0	0.0	0
1141	2	66.432	765.581	74.772	765.614	not	0.0	0.28	0.0	0.0	0.0	117	3	0.0	0.0	0.0	0
1142	2	76.44	765.581	108.444	765.614	discriminate	0.0	0.25	0.0	0.0	0.0	197	12	0.0	0.0	0.0	0
1143	2	116.448	765.581	145.458	765.614	advertising	0.0	0.34	0.0	0.0	0.0	157	11	0.0	0.0	0.0	0
1144	2	147.126	765.581	171.468	765.614	contracts	0.0	0.34	0.0	0.0	0.0	130	9	0.0	0.0	0.0	0
1145	2	181.476	765.581	189.816	765.614	the	0.0	0.34	0.0	0.0	0.0	44	3	0.0	0.0	0.0	0
1146	2	191.484	765.581	205.488	765.614	basis	0.0	0.28	0.0	0.0	0.0	195	5	0.0	0.0	0.0	0
1147	2	213.828	765.581	225.498	765.614	race	0.0	0.42	0.0	0.0	0.0	188	4	0.0	0.0	0.0	0
1148	2	234.168	765.581	257.844	765.614	ethnicity.	0.0	0.45	0.0	0.0	0.0	199	10	0.0	0.0	0.0	0
1149	2	261.18	765.581	271.518	765.614	Any	0.0	0.45	0.0	0.0	0.0	126	3	0.0	0.0	0.0	0
1150	2	273.186	765.581	297.192	765.614	provision	0.0	0.45	0.0	0.0	0.0	296	9	0.0	0.0	0.0	0
1151	2	305.196	765.581	314.868	765.614	any	0.0	0.41	0.0	0.0	0.0	126	3	0.0	0.0	0.0	0
1152	2	316.536	765.581	330.54	765.614	order	0.0	0.34	0.0	0.0	0.0	9	5	0.0	0.0	0.0	0
1153	2	339.21	765.581	367.89	765.614	agreement	0.0	0.45	0.0	0.0	0.0	115	9	0.0	0.0	0.0	0
1154	2	369.558	765.581	376.56	765.614	for	0.0	0.45	0.0	0.0	0.0	50	3	0.0	0.0	0.0	0
1155	2	378.228	765.581	407.238	765.614	advertising	0.0	0.45	0.0	0.0	0.0	157	11	0.0	0.0	0.0	0
1156	2	408.906	765.581	418.914	765.614	that	0.0	0.45	0.0	0.0	0.0	173	4	0.0	0.0	0.0	0
1157	2	420.582	765.581	442.59	765.614	purports	0.0	0.36	0.0	0.0	0.0	348	8	0.0	0.0	0.0	0
1158	2	450.93	765.581	482.934	765.614	discriminate	0.0	0.27	0.0	0.0	0.0	197	12	0.0	0.0	0.0	0
1159	2	492.942	765.581	501.282	765.614	the	0.0	0.27	0.0	0.0	0.0	44	3	0.0	0.0	0.0	0
1160	2	502.95	765.581	516.954	765.614	basis	0.0	0.28	0.0	0.0	0.0	195	5	0.0	0.0	0.0	0
1161	2	525.294	765.581	536.964	765.614	race	0.0	0.42	0.0	0.0	0.0	188	4	0.0	0.0	0.0	0
1162	2	545.634	765.581	569.31	765.614	ethnicity,	0.0	0.42	0.0	0.0	0.0	199	10	0.0	0.0	0.0	0
1163	2	570.978	765.581	583.986	765.614	even	0.0	0.38	0.0	0.0	0.0	336	4	0.0	0.0	0.0	0
1164	2	190.77	772.661	223.452	772.694	handwritten,	0.0	0.36	0.0	0.0	0.0	349	12	0.0	0.0	0.0	0
1165	2	225.12	772.661	239.796	772.694	typed	0.0	0.36	0.0	0.0	0.0	350	5	0.0	0.0	0.0	0
1166	2	248.466	772.661	274.14	772.694	otherwise	0.0	0.32	0.0	0.0	0.0	146	9	0.0	0.0	0.0	0
1167	2	275.808	772.661	290.814	772.694	made	0.0	0.3	0.0	0.0	0.0	252	4	0.0	0.0	0.0	0
1168	2	297.486	772.661	307.824	772.694	part	0.0	0.31	0.0	0.0	0.0	236	4	0.0	0.0	0.0	0
1169	2	321.168	772.661	345.84	772.694	particular	0.0	0.39	0.0	0.0	0.0	251	10	0.0	0.0	0.0	0
1170	2	347.508	772.661	370.518	772.694	contract,	0.0	0.39	0.0	0.0	0.0	53	9	0.0	0.0	0.0	0
1171	2	378.186	772.661	396.528	772.694	hereby	0.0	0.29	0.0	0.0	0.0	218	6	0.0	0.0	0.0	0
1172	2	398.196	772.661	421.206	772.694	rejected.	0.0	0.19	0.0	0.0	0.0	332	9	0.0	0.0	0.0	0
