	page	x0	y0	x1	y1	token	contract_num	advertiser	flight_from	flight_to	gross_amount	tok_id	length	digitness	is_dollar	log_amount	label
0	0	18.0	25.174	48.232	25.217	Contract	0.0	0.34	0.0	0.0	0.0	53	8	0.0	0.0	0.0	0
1	0	50.456	25.174	89.584	25.217	Agreement	0.0	0.34	0.0	0.0	0.0	115	9	0.0	0.0	0.0	0
2	0	91.808	25.174	125.16	25.217	Between:	0.0	0.34	0.0	0.0	0.0	120	8	0.0	0.0	0.0	0
3	0	429.272	25.174	445.72	25.217	Print	0.0	0.31	0.0	0.0	0.0	37	5	0.0	0.0	0.0	0
4	0	447.944	25.174	464.84	25.217	Date	0.0	0.27	0.0	0.0	0.0	8	4	0.0	0.0	0.0	0
5	0	474.001	25.174	505.137	25.217	09/20/12	0.0	0.16	0.0	0.0	0.0	0	8	0.75	0.0	0.0	0
6	0	533.251	25.174	551.931	25.217	Page	0.0	0.16	0.0	0.0	0.0	7	4	0.0	0.0	0.0	0
7	0	261.18	41.705	350.94	41.794	CONTRACT	0.0	0.33	0.0	0.0	0.0	53	8	0.0	0.0	0.0	0
8	0	119.999	63.207	147.219	63.262	KSAZ	0.0	0.33	0.0	0.0	0.0	618	4	0.0	0.0	0.0	0
9	0	406.681	60.424	436.913	60.467	Contract	0.0	0.4	0.0	0.0	0.0	53	8	0.0	0.0	0.0	0
10	0	443.585	60.424	474.257	60.467	Revision	0.0	0.4	0.0	0.0	0.0	75	8	0.0	0.0	0.0	0
11	0	495.842	60.424	505.178	60.467	Alt	0.0	0.4	0.0	0.0	0.0	31	3	0.0	0.0	0.0	0
12	0	507.402	60.424	527.85	60.467	Order	0.0	0.39	0.0	0.0	0.0	9	5	0.0	0.0	0.0	0
13	0	119.999	75.207	136.679	75.262	511	0.0	0.21	0.0	0.0	0.57	0	3	1.0	1.0	6.2383246	0
14	0	154.459	75.207	187.799	75.262	Adams	0.0	0.24	0.0	0.0	0.0	1426	5	0.0	0.0	0.0	0
15	0	190.579	75.207	218.919	75.262	Street	0.0	0.29	0.0	0.0	0.0	162	6	0.0	0.0	0.0	0
16	0	414.781	72.424	445.917	72.467	4073432	0.0	0.29	0.0	0.0	0.44	0	7	1.0	1.0	15.219996	0
17	0	495.842	72.424	523.402	72.467	Political	0.0	0.29	0.0	0.0	0.0	160	9	0.0	0.0	0.0	0
18	0	525.626	72.424	544.746	72.467	Issue	0.0	0.26	0.0	0.0	0.0	343	5	0.0	0.0	0.0	0
19	0	119.999	87.207	161.679	87.262	Phoenix,	0.0	0.25	0.0	0.0	0.0	1269	8	0.0	0.0	0.0	0
20	0	183.349	87.207	211.149	87.262	85003	0.0	0.17	0.0	0.0	0.75	0	5	1.0	1.0	11.350453	0
21	0	309.002	85.924	336.57	85.967	Product	0.0	0.12	0.0	0.0	0.0	5	7	0.0	0.0	0.0	0
22	0	119.999	99.207	143.339	99.262	(602)	0.0	0.14	0.0	0.0	0.0	0	5	0.6	0.0	0.0	0
23	0	146.119	99.207	188.369	99.262	257-1234	0.0	0.15	0.0	0.0	0.0	0	8	0.875	0.0	0.0	0
24	0	307.5	98.164	330.604	98.208	NRCC	0.0	0.18	0.0	0.0	0.0	1107	4	0.0	0.0	0.0	0
25	0	342.612	98.164	385.292	98.208	2012-SKED	0.0	0.3	0.0	0.0	0.0	699	9	0.44444445	0.0	0.0	0
26	0	308.251	110.674	338.483	110.717	Contract	0.0	0.36	0.0	0.0	0.0	53	8	0.0	0.0	0.0	0
27	0	340.707	110.674	361.603	110.717	Dates	0.0	0.36	0.0	0.0	0.0	18	5	0.0	0.0	0.0	0
28	0	407.251	110.674	438.371	110.717	Estimate	0.0	0.36	0.0	0.0	0.0	23	8	0.0	0.0	0.0	0
29	0	308.251	122.914	339.387	122.958	09/21/12	0.0	0.29	0.0	0.0	0.0	0	8	0.75	0.0	0.0	0
30	0	346.499	122.914	377.635	122.958	09/27/12	0.0	0.2	0.0	0.0	0.0	0	8	0.75	0.0	0.0	0
31	0	407.251	122.914	425.043	122.958	3215	0.0	0.3	0.0	0.0	0.53	0	4	1.0	1.0	8.075893	0
32	0	309.002	135.424	345.01	135.467	Advertiser	0.0	0.32	0.0	0.0	0.0	6	10	0.0	0.0	0.0	0
33	0	484.501	135.424	512.061	135.467	Original	0.0	0.36	0.0	0.0	0.0	39	8	0.0	0.0	0.0	0
34	0	514.285	135.424	531.181	135.467	Date	0.0	0.36	0.0	0.0	0.0	8	4	0.0	0.0	0.0	0
35	0	537.853	135.424	568.525	135.467	Revision	0.0	0.36	0.0	0.0	0.0	75	8	0.0	0.0	0.0	0
36	0	309.002	147.664	332.106	147.708	NRCC	0.0	0.35	0.0	0.0	0.0	1107	4	0.0	0.0	0.0	0
37	0	491.041	147.424	522.177	147.467	09/19/12	0.0	0.27	0.0	0.0	0.0	0	8	0.75	0.0	0.0	0
38	0	544.665	147.424	575.801	147.467	09/20/12	0.0	0.25	0.0	0.0	0.0	0	8	0.75	0.0	0.0	0
39	0	18.0	157.174	34.456	157.217	And:	0.0	0.32	0.0	0.0	0.0	77	4	0.0	0.0	0.0	0
40	0	406.681	160.174	428.017	160.217	Billing	0.0	0.32	0.0	0.0	0.0	11	7	0.0	0.0	0.0	0
41	0	430.241	160.174	450.241	160.217	Cycle	0.0	0.32	0.0	0.0	0.0	32	5	0.0	0.0	0.0	0
42	0	457.92	160.174	479.256	160.217	Billing	0.0	0.32	0.0	0.0	0.0	11	7	0.0	0.0	0.0	0
43	0	481.48	160.174	513.936	160.217	Calendar	0.0	0.31	0.0	0.0	0.0	48	8	0.0	0.0	0.0	0
44	0	536.4	160.174	578.192	160.217	Cash/Trade	0.0	0.31	0.0	0.0	0.0	150	10	0.0	0.0	0.0	0
45	0	406.681	172.174	444.465	172.217	EOM/EOC	0.0	0.31	0.0	0.0	0.0	43	7	0.0	0.0	0.0	0
46	0	457.92	172.174	493.936	172.217	Broadcast	0.0	0.33	0.0	0.0	0.0	41	9	0.0	0.0	0.0	0
47	0	536.4	172.174	555.072	172.217	Cash	0.0	0.47	0.0	0.0	0.0	21	4	0.0	0.0	0.0	0
48	0	90.0	177.871	125.505	177.92	National	0.0	0.57	0.0	0.0	0.0	213	8	0.0	0.0	0.0	advertiser
49	0	128.007	177.871	153.513	177.92	Media	0.0	0.57	0.0	0.0	0.0	59	5	0.0	0.0	0.0	advertiser
50	0	406.5	184.924	431.404	184.967	Station	0.0	0.57	0.0	0.0	0.0	57	7	0.0	0.0	0.0	advertiser
51	0	457.92	184.924	486.824	184.967	Account	0.0	0.57	0.0	0.0	0.0	15	7	0.0	0.0	0.0	advertiser
52	0	489.048	184.924	523.728	184.967	Executive	0.0	0.44	0.0	0.0	0.0	24	9	0.0	0.0	0.0	0
53	0	536.25	184.924	556.258	184.967	Sales	0.0	0.44	0.0	0.0	0.0	10	5	0.0	0.0	0.0	0
54	0	558.482	184.924	579.378	184.967	Office	0.0	0.27	0.0	0.0	0.0	12	6	0.0	0.0	0.0	0
55	0	90.0	188.371	105.012	188.42	815	0.0	0.34	0.0	0.0	0.57	0	3	1.0	1.0	6.7044144	0
56	0	107.514	188.371	137.529	188.42	Slaters	0.0	0.35	0.0	0.0	0.0	541	7	0.0	0.0	0.0	0
57	0	140.031	188.371	161.037	188.42	Lane	0.0	0.35	0.0	0.0	0.0	470	4	0.0	0.0	0.0	0
58	0	90.0	198.871	138.519	198.92	Alexandria,	0.0	0.35	0.0	0.0	0.0	220	11	0.0	0.0	0.0	0
59	0	158.526	198.871	183.546	198.92	22314	0.0	0.29	0.0	0.0	0.38	0	5	1.0	1.0	10.013015	0
60	0	406.5	197.164	428.276	197.208	KSAZ	0.0	0.26	0.0	0.0	0.0	618	4	0.0	0.0	0.0	0
61	0	457.92	196.924	476.584	196.967	Chris	0.0	0.27	0.0	0.0	0.0	513	5	0.0	0.0	0.0	0
62	0	478.808	196.924	509.048	196.967	Johnson	0.0	0.29	0.0	0.0	0.0	619	7	0.0	0.0	0.0	0
63	0	536.25	196.924	551.81	196.967	FSS	0.0	0.29	0.0	0.0	0.0	648	3	0.0	0.0	0.0	0
64	0	554.034	196.924	597.61	196.967	Philadelphia	0.0	0.29	0.0	0.0	0.0	217	12	0.0	0.0	0.0	0
65	0	406.562	209.674	432.794	209.717	Special	0.0	0.3	0.0	0.0	0.0	104	7	0.0	0.0	0.0	0
66	0	435.018	209.674	466.586	209.717	Handling	0.0	0.3	0.0	0.0	0.0	116	8	0.0	0.0	0.0	0
67	0	406.562	234.424	454.13	234.467	Demographic	0.0	0.3	0.0	0.0	0.0	40	11	0.0	0.0	0.0	0
68	0	406.321	246.424	428.553	246.467	Adults	0.0	0.25	0.0	0.0	0.0	192	6	0.0	0.0	0.0	0
69	0	430.777	246.424	451.233	246.467	35-64	0.0	0.22	0.0	0.0	0.0	0	5	0.8	0.0	0.0	0
70	0	406.5	283.924	424.284	283.967	IDB#	0.0	0.28	0.0	0.0	0.0	171	4	0.0	0.0	0.0	0
71	0	457.92	283.924	493.928	283.967	Advertiser	0.0	0.34	0.0	0.0	0.0	6	10	0.0	0.0	0.0	0
72	0	496.152	283.924	515.272	283.967	Code	0.0	0.34	0.0	0.0	0.0	19	4	0.0	0.0	0.0	0
73	0	536.25	283.924	563.818	283.967	Product	0.0	0.34	0.0	0.0	0.0	5	7	0.0	0.0	0.0	0
74	0	566.042	283.924	585.162	283.967	Code	0.0	0.34	0.0	0.0	0.0	19	4	0.0	0.0	0.0	0
75	0	457.92	295.924	471.264	295.967	155	0.0	0.28	0.0	0.0	0.71	0	3	1.0	1.0	5.049856	0
76	0	536.25	295.924	549.594	295.967	426	0.0	0.16	0.0	0.0	0.43	0	3	1.0	1.0	6.056784	0
77	0	406.5	308.674	433.18	308.717	Agency	0.0	0.19	0.0	0.0	0.0	2	6	0.0	0.0	0.0	0
78	0	435.404	308.674	447.852	308.717	Ref	0.0	0.26	0.0	0.0	0.0	63	3	0.0	0.0	0.0	0
79	0	497.251	308.674	533.259	308.717	Advertiser	0.0	0.31	0.0	0.0	0.0	6	10	0.0	0.0	0.0	0
80	0	535.483	308.674	547.931	308.717	Ref	0.0	0.31	0.0	0.0	0.0	63	3	0.0	0.0	0.0	0
81	0	401.25	341.011	426.765	341.059	Spots/	0.0	0.31	0.0	0.0	0.0	4	6	0.0	0.0	0.0	0
82	0	20.251	352.261	41.759	353.151	*Line	0.0	0.31	0.0	0.0	0.0	89	5	0.0	0.0	0.0	0
83	0	69.749	352.261	88.757	352.309	Start	0.0	0.31	0.0	0.0	0.0	26	5	0.0	0.0	0.0	0
84	0	91.259	352.261	128.512	352.309	DateEnd	0.0	0.31	0.0	0.0	0.0	144	7	0.0	0.0	0.0	0
85	0	131.014	352.261	150.022	352.309	Date	0.0	0.29	0.0	0.0	0.0	8	4	0.0	0.0	0.0	0
86	0	155.251	352.261	200.26	352.309	Description	0.0	0.29	0.0	0.0	0.0	62	11	0.0	0.0	0.0	0
87	0	260.252	352.261	297.773	352.309	Start/End	0.0	0.29	0.0	0.0	0.0	35	9	0.0	0.0	0.0	0
88	0	300.275	352.261	320.273	352.309	Time	0.0	0.34	0.0	0.0	0.0	22	4	0.0	0.0	0.0	0
89	0	333.751	352.261	354.253	352.309	Days	0.0	0.34	0.0	0.0	0.0	38	4	0.0	0.0	0.0	0
90	0	369.0	352.261	396.522	352.309	Length	0.0	0.34	0.0	0.0	0.0	56	6	0.0	0.0	0.0	0
91	0	401.25	352.261	424.254	352.309	Week	0.0	0.34	0.0	0.0	0.0	29	4	0.0	0.0	0.0	0
92	0	444.75	352.261	463.758	352.309	Rate	0.0	0.34	0.0	0.0	0.0	13	4	0.0	0.0	0.0	0
93	0	489.002	352.261	533.014	352.309	TypeSpots	0.0	0.34	0.0	0.0	0.0	158	9	0.0	0.0	0.0	0
94	0	558.751	352.261	589.765	352.309	Amount	0.0	0.34	0.0	0.0	0.0	25	6	0.0	0.0	0.0	0
95	0	45.0	364.924	65.896	364.967	KSAZ	0.0	0.09	0.0	0.0	0.0	618	4	0.0	0.0	0.0	0
96	0	71.249	364.924	102.385	364.967	09/21/12	0.0	0.07	0.0	0.0	0.0	0	8	0.75	0.0	0.0	0
97	0	113.25	364.924	144.386	364.967	09/21/12	0.0	0.12	0.0	0.0	0.0	0	8	0.75	0.0	0.0	0
98	0	155.251	364.924	169.467	364.967	M-F	0.0	0.14	0.0	0.0	0.0	47	3	0.0	0.0	0.0	0
99	0	171.691	364.924	201.043	364.967	530a-6a	0.0	0.15	0.0	0.0	0.0	84	7	0.5714286	0.0	0.0	0
100	0	260.252	364.924	289.604	364.967	530a-6a	0.0	0.15	0.0	0.0	0.0	84	7	0.5714286	0.0	0.0	0
101	0	386.371	364.924	397.491	364.967	:30	0.0	0.14	0.0	0.0	0.0	0	3	0.6666667	0.0	0.0	0
102	0	563.609	364.924	592.521	364.967	$450.00	0.0	0.24	0.0	0.0	0.71	0	7	0.71428573	1.0	6.1114674	0
103	0	45.0	376.924	72.56	376.967	Political	0.0	0.32	0.0	0.0	0.0	160	9	0.0	0.0	0.0	0
104	0	74.784	376.924	93.904	376.967	Issue	0.0	0.32	0.0	0.0	0.0	343	5	0.0	0.0	0.0	0
105	0	51.749	385.924	68.645	385.967	Start	0.0	0.32	0.0	0.0	0.0	26	5	0.0	0.0	0.0	0
106	0	70.869	385.924	87.765	385.967	Date	0.0	0.32	0.0	0.0	0.0	8	4	0.0	0.0	0.0	0
107	0	99.0	385.924	113.232	385.967	End	0.0	0.32	0.0	0.0	0.0	28	3	0.0	0.0	0.0	0
108	0	115.456	385.924	132.352	385.967	Date	0.0	0.31	0.0	0.0	0.0	8	4	0.0	0.0	0.0	0
109	0	144.751	385.924	182.095	385.967	Weekdays	0.0	0.31	0.0	0.0	0.0	42	8	0.0	0.0	0.0	0
110	0	204.749	385.924	247.877	385.967	Spots/Week	0.0	0.31	0.0	0.0	0.0	33	10	0.0	0.0	0.0	0
111	0	285.001	385.924	301.897	385.967	Rate	0.0	0.27	0.0	0.0	0.0	13	4	0.0	0.0	0.0	0
112	0	25.5	394.924	48.172	394.967	Week:	0.0	0.2	0.0	0.0	0.0	29	5	0.0	0.0	0.0	0
113	0	51.749	394.924	82.885	394.967	09/17/12	0.0	0.18	0.0	0.0	0.0	0	8	0.75	0.0	0.0	0
114	0	99.0	394.924	130.136	394.967	09/23/12	0.0	0.15	0.0	0.0	0.0	0	8	0.75	0.0	0.0	0
115	0	144.751	394.839	178.519	394.876	----F--	0.0	0.06	0.0	0.0	0.0	94	7	0.0	0.0	0.0	0
116	0	272.613	394.924	301.525	394.967	$450.00	0.0	0.08	0.0	0.0	0.71	0	7	0.71428573	1.0	6.1114674	0
117	0	45.0	408.424	65.896	408.467	KSAZ	0.0	0.09	0.0	0.0	0.0	618	4	0.0	0.0	0.0	0
118	0	71.249	408.424	102.385	408.467	09/24/12	0.0	0.07	0.0	0.0	0.0	0	8	0.75	0.0	0.0	0
119	0	113.25	408.424	144.386	408.467	09/24/12	0.0	0.12	0.0	0.0	0.0	0	8	0.75	0.0	0.0	0
120	0	155.251	408.424	169.467	408.467	M-F	0.0	0.14	0.0	0.0	0.0	47	3	0.0	0.0	0.0	0
121	0	171.691	408.424	201.043	408.467	530a-6a	0.0	0.15	0.0	0.0	0.0	84	7	0.5714286	0.0	0.0	0
122	0	260.252	408.424	289.604	408.467	530a-6a	0.0	0.15	0.0	0.0	0.0	84	7	0.5714286	0.0	0.0	0
123	0	386.371	408.424	397.491	408.467	:30	0.0	0.14	0.0	0.0	0.0	0	3	0.6666667	0.0	0.0	0
124	0	563.609	408.424	592.521	408.467	$450.00	0.0	0.24	0.0	0.0	0.71	0	7	0.71428573	1.0	6.1114674	0
125	0	45.0	420.424	72.56	420.467	Political	0.0	0.32	0.0	0.0	0.0	160	9	0.0	0.0	0.0	0
126	0	74.784	420.424	93.904	420.467	Issue	0.0	0.32	0.0	0.0	0.0	343	5	0.0	0.0	0.0	0
127	0	51.749	429.424	68.645	429.467	Start	0.0	0.32	0.0	0.0	0.0	26	5	0.0	0.0	0.0	0
128	0	70.869	429.424	87.765	429.467	Date	0.0	0.32	0.0	0.0	0.0	8	4	0.0	0.0	0.0	0
129	0	99.0	429.424	113.232	429.467	End	0.0	0.32	0.0	0.0	0.0	28	3	0.0	0.0	0.0	0
130	0	115.456	429.424	132.352	429.467	Date	0.0	0.31	0.0	0.0	0.0	8	4	0.0	0.0	0.0	0
131	0	144.751	429.424	182.095	429.467	Weekdays	0.0	0.31	0.0	0.0	0.0	42	8	0.0	0.0	0.0	0
132	0	204.749	429.424	247.877	429.467	Spots/Week	0.0	0.31	0.0	0.0	0.0	33	10	0.0	0.0	0.0	0
133	0	285.001	429.424	301.897	429.467	Rate	0.0	0.27	0.0	0.0	0.0	13	4	0.0	0.0	0.0	0
134	0	25.5	438.424	48.172	438.467	Week:	0.0	0.2	0.0	0.0	0.0	29	5	0.0	0.0	0.0	0
135	0	51.749	438.424	82.885	438.467	09/24/12	0.0	0.18	0.0	0.0	0.0	0	8	0.75	0.0	0.0	0
136	0	99.0	438.424	130.136	438.467	09/30/12	0.0	0.15	0.0	0.0	0.0	0	8	0.75	0.0	0.0	0
137	0	144.751	438.339	178.519	438.376	M------	0.0	0.06	0.0	0.0	0.0	60	7	0.0	0.0	0.0	0
138	0	272.613	438.424	301.525	438.467	$450.00	0.0	0.08	0.0	0.0	0.71	0	7	0.71428573	1.0	6.1114674	0
139	0	45.0	451.914	65.896	451.957	KSAZ	0.0	0.09	0.0	0.0	0.0	618	4	0.0	0.0	0.0	0
140	0	71.249	451.914	102.385	451.957	09/25/12	0.0	0.07	0.0	0.0	0.0	0	8	0.75	0.0	0.0	0
141	0	113.25	451.914	144.386	451.957	09/25/12	0.0	0.12	0.0	0.0	0.0	0	8	0.75	0.0	0.0	0
142	0	155.251	451.914	169.467	451.957	M-F	0.0	0.14	0.0	0.0	0.0	47	3	0.0	0.0	0.0	0
143	0	171.691	451.914	201.043	451.957	530a-6a	0.0	0.15	0.0	0.0	0.0	84	7	0.5714286	0.0	0.0	0
144	0	260.252	451.914	289.604	451.957	530a-6a	0.0	0.15	0.0	0.0	0.0	84	7	0.5714286	0.0	0.0	0
145	0	386.371	451.914	397.491	451.957	:30	0.0	0.14	0.0	0.0	0.0	0	3	0.6666667	0.0	0.0	0
146	0	563.609	451.914	592.521	451.957	$450.00	0.0	0.24	0.0	0.0	0.71	0	7	0.71428573	1.0	6.1114674	0
147	0	45.0	463.914	72.56	463.957	Political	0.0	0.32	0.0	0.0	0.0	160	9	0.0	0.0	0.0	0
148	0	74.784	463.914	93.904	463.957	Issue	0.0	0.32	0.0	0.0	0.0	343	5	0.0	0.0	0.0	0
149	0	51.749	472.914	68.645	472.957	Start	0.0	0.32	0.0	0.0	0.0	26	5	0.0	0.0	0.0	0
150	0	70.869	472.914	87.765	472.957	Date	0.0	0.32	0.0	0.0	0.0	8	4	0.0	0.0	0.0	0
151	0	99.0	472.914	113.232	472.957	End	0.0	0.32	0.0	0.0	0.0	28	3	0.0	0.0	0.0	0
152	0	115.456	472.914	132.352	472.957	Date	0.0	0.31	0.0	0.0	0.0	8	4	0.0	0.0	0.0	0
153	0	144.751	472.914	182.095	472.957	Weekdays	0.0	0.31	0.0	0.0	0.0	42	8	0.0	0.0	0.0	0
154	0	204.749	472.914	247.877	472.957	Spots/Week	0.0	0.31	0.0	0.0	0.0	33	10	0.0	0.0	0.0	0
155	0	285.001	472.914	301.897	472.957	Rate	0.0	0.27	0.0	0.0	0.0	13	4	0.0	0.0	0.0	0
156	0	25.5	481.914	48.172	481.957	Week:	0.0	0.2	0.0	0.0	0.0	29	5	0.0	0.0	0.0	0
157	0	51.749	481.914	82.885	481.957	09/24/12	0.0	0.18	0.0	0.0	0.0	0	8	0.75	0.0	0.0	0
158	0	99.0	481.914	130.136	481.957	09/30/12	0.0	0.15	0.0	0.0	0.0	0	8	0.75	0.0	0.0	0
159	0	144.751	481.829	178.519	481.866	-T-----	0.0	0.06	0.0	0.0	0.0	92	7	0.0	0.0	0.0	0
160	0	272.613	481.914	301.525	481.957	$450.00	0.0	0.08	0.0	0.0	0.71	0	7	0.71428573	1.0	6.1114674	0
161	0	45.0	495.414	65.896	495.457	KSAZ	0.0	0.09	0.0	0.0	0.0	618	4	0.0	0.0	0.0	0
162	0	71.249	495.414	102.385	495.457	09/26/12	0.0	0.07	0.0	0.0	0.0	0	8	0.75	0.0	0.0	0
163	0	113.25	495.414	144.386	495.457	09/26/12	0.0	0.12	0.0	0.0	0.0	0	8	0.75	0.0	0.0	0
164	0	155.251	495.414	169.467	495.457	M-F	0.0	0.14	0.0	0.0	0.0	47	3	0.0	0.0	0.0	0
165	0	171.691	495.414	201.043	495.457	530a-6a	0.0	0.15	0.0	0.0	0.0	84	7	0.5714286	0.0	0.0	0
166	0	260.252	495.414	289.604	495.457	530a-6a	0.0	0.15	0.0	0.0	0.0	84	7	0.5714286	0.0	0.0	0
167	0	386.371	495.414	397.491	495.457	:30	0.0	0.14	0.0	0.0	0.0	0	3	0.6666667	0.0	0.0	0
168	0	563.609	495.414	592.521	495.457	$450.00	0.0	0.24	0.0	0.0	0.71	0	7	0.71428573	1.0	6.1114674	0
169	0	45.0	507.414	72.56	507.457	Political	0.0	0.32	0.0	0.0	0.0	160	9	0.0	0.0	0.0	0
170	0	74.784	507.414	93.904	507.457	Issue	0.0	0.32	0.0	0.0	0.0	343	5	0.0	0.0	0.0	0
171	0	51.749	516.414	68.645	516.457	Start	0.0	0.32	0.0	0.0	0.0	26	5	0.0	0.0	0.0	0
172	0	70.869	516.414	87.765	516.457	Date	0.0	0.32	0.0	0.0	0.0	8	4	0.0	0.0	0.0	0
173	0	99.0	516.414	113.232	516.457	End	0.0	0.32	0.0	0.0	0.0	28	3	0.0	0.0	0.0	0
174	0	115.456	516.414	132.352	516.457	Date	0.0	0.31	0.0	0.0	0.0	8	4	0.0	0.0	0.0	0
175	0	144.751	516.414	182.095	516.457	Weekdays	0.0	0.31	0.0	0.0	0.0	42	8	0.0	0.0	0.0	0
176	0	204.749	516.414	247.877	516.457	Spots/Week	0.0	0.31	0.0	0.0	0.0	33	10	0.0	0.0	0.0	0
177	0	285.001	516.414	301.897	516.457	Rate	0.0	0.27	0.0	0.0	0.0	13	4	0.0	0.0	0.0	0
178	0	25.5	525.414	48.172	525.457	Week:	0.0	0.2	0.0	0.0	0.0	29	5	0.0	0.0	0.0	0
179	0	51.749	525.414	82.885	525.457	09/24/12	0.0	0.18	0.0	0.0	0.0	0	8	0.75	0.0	0.0	0
180	0	99.0	525.414	130.136	525.457	09/30/12	0.0	0.15	0.0	0.0	0.0	0	8	0.75	0.0	0.0	0
181	0	144.751	525.329	178.519	525.366	--W----	0.0	0.06	0.0	0.0	0.0	105	7	0.0	0.0	0.0	0
182	0	272.613	525.414	301.525	525.457	$450.00	0.0	0.08	0.0	0.0	0.71	0	7	0.71428573	1.0	6.1114674	0
183	0	45.0	538.914	65.896	538.957	KSAZ	0.0	0.09	0.0	0.0	0.0	618	4	0.0	0.0	0.0	0
184	0	71.249	538.914	102.385	538.957	09/21/12	0.0	0.07	0.0	0.0	0.0	0	8	0.75	0.0	0.0	0
185	0	113.25	538.914	144.386	538.957	09/21/12	0.0	0.13	0.0	0.0	0.0	0	8	0.75	0.0	0.0	0
186	0	155.251	538.914	169.467	538.957	M-F	0.0	0.17	0.0	0.0	0.0	47	3	0.0	0.0	0.0	0
187	0	171.691	538.914	196.595	538.957	430-5a	0.0	0.18	0.0	0.0	0.0	16	6	0.6666667	0.0	0.0	0
188	0	198.819	538.914	218.819	538.957	News	0.0	0.18	0.0	0.0	0.0	17	4	0.0	0.0	0.0	0
189	0	260.252	538.914	285.156	538.957	430-5a	0.0	0.18	0.0	0.0	0.0	16	6	0.6666667	0.0	0.0	0
190	0	386.371	538.914	397.491	538.957	:30	0.0	0.17	0.0	0.0	0.0	0	3	0.6666667	0.0	0.0	0
191	0	563.609	538.914	592.521	538.957	$150.00	0.0	0.24	0.0	0.0	0.71	0	7	0.71428573	1.0	5.0172796	0
192	0	45.0	550.914	72.56	550.957	Political	0.0	0.32	0.0	0.0	0.0	160	9	0.0	0.0	0.0	0
193	0	74.784	550.914	93.904	550.957	Issue	0.0	0.32	0.0	0.0	0.0	343	5	0.0	0.0	0.0	0
194	0	51.749	559.914	68.645	559.957	Start	0.0	0.32	0.0	0.0	0.0	26	5	0.0	0.0	0.0	0
195	0	70.869	559.914	87.765	559.957	Date	0.0	0.32	0.0	0.0	0.0	8	4	0.0	0.0	0.0	0
196	0	99.0	559.914	113.232	559.957	End	0.0	0.32	0.0	0.0	0.0	28	3	0.0	0.0	0.0	0
197	0	115.456	559.914	132.352	559.957	Date	0.0	0.31	0.0	0.0	0.0	8	4	0.0	0.0	0.0	0
198	0	144.751	559.914	182.095	559.957	Weekdays	0.0	0.31	0.0	0.0	0.0	42	8	0.0	0.0	0.0	0
199	0	204.749	559.914	247.877	559.957	Spots/Week	0.0	0.31	0.0	0.0	0.0	33	10	0.0	0.0	0.0	0
200	0	285.001	559.914	301.897	559.957	Rate	0.0	0.27	0.0	0.0	0.0	13	4	0.0	0.0	0.0	0
201	0	25.5	568.914	48.172	568.957	Week:	0.0	0.2	0.0	0.0	0.0	29	5	0.0	0.0	0.0	0
202	0	51.749	568.914	82.885	568.957	09/17/12	0.0	0.18	0.0	0.0	0.0	0	8	0.75	0.0	0.0	0
203	0	99.0	568.914	130.136	568.957	09/23/12	0.0	0.15	0.0	0.0	0.0	0	8	0.75	0.0	0.0	0
204	0	144.751	568.829	178.519	568.866	----F--	0.0	0.06	0.0	0.0	0.0	94	7	0.0	0.0	0.0	0
205	0	272.613	568.914	301.525	568.957	$150.00	0.0	0.08	0.0	0.0	0.71	0	7	0.71428573	1.0	5.0172796	0
206	0	45.0	582.414	65.896	582.457	KSAZ	0.0	0.09	0.0	0.0	0.0	618	4	0.0	0.0	0.0	0
207	0	71.249	582.414	102.385	582.457	09/24/12	0.0	0.07	0.0	0.0	0.0	0	8	0.75	0.0	0.0	0
208	0	113.25	582.414	144.386	582.457	09/24/12	0.0	0.13	0.0	0.0	0.0	0	8	0.75	0.0	0.0	0
209	0	155.251	582.414	169.467	582.457	M-F	0.0	0.17	0.0	0.0	0.0	47	3	0.0	0.0	0.0	0
210	0	171.691	582.414	196.595	582.457	430-5a	0.0	0.18	0.0	0.0	0.0	16	6	0.6666667	0.0	0.0	0
211	0	198.819	582.414	218.819	582.457	News	0.0	0.18	0.0	0.0	0.0	17	4	0.0	0.0	0.0	0
212	0	260.252	582.414	285.156	582.457	430-5a	0.0	0.18	0.0	0.0	0.0	16	6	0.6666667	0.0	0.0	0
213	0	386.371	582.414	397.491	582.457	:30	0.0	0.17	0.0	0.0	0.0	0	3	0.6666667	0.0	0.0	0
214	0	563.609	582.414	592.521	582.457	$150.00	0.0	0.24	0.0	0.0	0.71	0	7	0.71428573	1.0	5.0172796	0
215	0	45.0	594.414	72.56	594.457	Political	0.0	0.32	0.0	0.0	0.0	160	9	0.0	0.0	0.0	0
216	0	74.784	594.414	93.904	594.457	Issue	0.0	0.32	0.0	0.0	0.0	343	5	0.0	0.0	0.0	0
217	0	51.749	603.414	68.645	603.457	Start	0.0	0.32	0.0	0.0	0.0	26	5	0.0	0.0	0.0	0
218	0	70.869	603.414	87.765	603.457	Date	0.0	0.32	0.0	0.0	0.0	8	4	0.0	0.0	0.0	0
219	0	99.0	603.414	113.232	603.457	End	0.0	0.32	0.0	0.0	0.0	28	3	0.0	0.0	0.0	0
220	0	115.456	603.414	132.352	603.457	Date	0.0	0.31	0.0	0.0	0.0	8	4	0.0	0.0	0.0	0
221	0	144.751	603.414	182.095	603.457	Weekdays	0.0	0.31	0.0	0.0	0.0	42	8	0.0	0.0	0.0	0
222	0	204.749	603.414	247.877	603.457	Spots/Week	0.0	0.31	0.0	0.0	0.0	33	10	0.0	0.0	0.0	0
223	0	285.001	603.414	301.897	603.457	Rate	0.0	0.27	0.0	0.0	0.0	13	4	0.0	0.0	0.0	0
224	0	25.5	612.414	48.172	612.457	Week:	0.0	0.2	0.0	0.0	0.0	29	5	0.0	0.0	0.0	0
225	0	51.749	612.414	82.885	612.457	09/24/12	0.0	0.18	0.0	0.0	0.0	0	8	0.75	0.0	0.0	0
226	0	99.0	612.414	130.136	612.457	09/30/12	0.0	0.15	0.0	0.0	0.0	0	8	0.75	0.0	0.0	0
227	0	144.751	612.329	178.519	612.366	M------	0.0	0.06	0.0	0.0	0.0	60	7	0.0	0.0	0.0	0
228	0	272.613	612.414	301.525	612.457	$150.00	0.0	0.08	0.0	0.0	0.71	0	7	0.71428573	1.0	5.0172796	0
229	0	45.0	625.914	65.896	625.957	KSAZ	0.0	0.09	0.0	0.0	0.0	618	4	0.0	0.0	0.0	0
230	0	71.249	625.914	102.385	625.957	09/25/12	0.0	0.07	0.0	0.0	0.0	0	8	0.75	0.0	0.0	0
231	0	113.25	625.914	144.386	625.957	09/25/12	0.0	0.13	0.0	0.0	0.0	0	8	0.75	0.0	0.0	0
232	0	155.251	625.914	169.467	625.957	M-F	0.0	0.17	0.0	0.0	0.0	47	3	0.0	0.0	0.0	0
233	0	171.691	625.914	196.595	625.957	430-5a	0.0	0.18	0.0	0.0	0.0	16	6	0.6666667	0.0	0.0	0
234	0	198.819	625.914	218.819	625.957	News	0.0	0.18	0.0	0.0	0.0	17	4	0.0	0.0	0.0	0
235	0	260.252	625.914	285.156	625.957	430-5a	0.0	0.18	0.0	0.0	0.0	16	6	0.6666667	0.0	0.0	0
236	0	386.371	625.914	397.491	625.957	:30	0.0	0.17	0.0	0.0	0.0	0	3	0.6666667	0.0	0.0	0
237	0	563.609	625.914	592.521	625.957	$150.00	0.0	0.24	0.0	0.0	0.71	0	7	0.71428573	1.0	5.0172796	0
238	0	45.0	637.904	72.56	637.947	Political	0.0	0.32	0.0	0.0	0.0	160	9	0.0	0.0	0.0	0
239	0	74.784	637.904	93.904	637.947	Issue	0.0	0.32	0.0	0.0	0.0	343	5	0.0	0.0	0.0	0
240	0	51.749	646.904	68.645	646.947	Start	0.0	0.32	0.0	0.0	0.0	26	5	0.0	0.0	0.0	0
241	0	70.869	646.904	87.765	646.947	Date	0.0	0.32	0.0	0.0	0.0	8	4	0.0	0.0	0.0	0
242	0	99.0	646.904	113.232	646.947	End	0.0	0.32	0.0	0.0	0.0	28	3	0.0	0.0	0.0	0
243	0	115.456	646.904	132.352	646.947	Date	0.0	0.31	0.0	0.0	0.0	8	4	0.0	0.0	0.0	0
244	0	144.751	646.904	182.095	646.947	Weekdays	0.0	0.31	0.0	0.0	0.0	42	8	0.0	0.0	0.0	0
245	0	204.749	646.904	247.877	646.947	Spots/Week	0.0	0.31	0.0	0.0	0.0	33	10	0.0	0.0	0.0	0
246	0	285.001	646.904	301.897	646.947	Rate	0.0	0.27	0.0	0.0	0.0	13	4	0.0	0.0	0.0	0
247	0	25.5	655.904	48.172	655.947	Week:	0.0	0.2	0.0	0.0	0.0	29	5	0.0	0.0	0.0	0
248	0	51.749	655.904	82.885	655.947	09/24/12	0.0	0.18	0.0	0.0	0.0	0	8	0.75	0.0	0.0	0
249	0	99.0	655.904	130.136	655.947	09/30/12	0.0	0.15	0.0	0.0	0.0	0	8	0.75	0.0	0.0	0
250	0	144.751	655.829	178.519	655.866	-T-----	0.0	0.06	0.0	0.0	0.0	92	7	0.0	0.0	0.0	0
251	0	272.613	655.904	301.525	655.947	$150.00	0.0	0.08	0.0	0.0	0.71	0	7	0.71428573	1.0	5.0172796	0
252	0	45.0	669.404	65.896	669.447	KSAZ	0.0	0.09	0.0	0.0	0.0	618	4	0.0	0.0	0.0	0
253	0	71.249	669.404	102.385	669.447	09/26/12	0.0	0.07	0.0	0.0	0.0	0	8	0.75	0.0	0.0	0
254	0	113.25	669.404	144.386	669.447	09/26/12	0.0	0.13	0.0	0.0	0.0	0	8	0.75	0.0	0.0	0
255	0	155.251	669.404	169.467	669.447	M-F	0.0	0.17	0.0	0.0	0.0	47	3	0.0	0.0	0.0	0
256	0	171.691	669.404	196.595	669.447	430-5a	0.0	0.18	0.0	0.0	0.0	16	6	0.6666667	0.0	0.0	0
257	0	198.819	669.404	218.819	669.447	News	0.0	0.18	0.0	0.0	0.0	17	4	0.0	0.0	0.0	0
258	0	260.252	669.404	285.156	669.447	430-5a	0.0	0.18	0.0	0.0	0.0	16	6	0.6666667	0.0	0.0	0
259	0	386.371	669.404	397.491	669.447	:30	0.0	0.17	0.0	0.0	0.0	0	3	0.6666667	0.0	0.0	0
260	0	563.609	669.404	592.521	669.447	$150.00	0.0	0.24	0.0	0.0	0.71	0	7	0.71428573	1.0	5.0172796	0
261	0	45.0	681.404	72.56	681.447	Political	0.0	0.32	0.0	0.0	0.0	160	9	0.0	0.0	0.0	0
262	0	74.784	681.404	93.904	681.447	Issue	0.0	0.32	0.0	0.0	0.0	343	5	0.0	0.0	0.0	0
263	0	51.749	690.404	68.645	690.447	Start	0.0	0.32	0.0	0.0	0.0	26	5	0.0	0.0	0.0	0
264	0	70.869	690.404	87.765	690.447	Date	0.0	0.32	0.0	0.0	0.0	8	4	0.0	0.0	0.0	0
265	0	99.0	690.404	113.232	690.447	End	0.0	0.32	0.0	0.0	0.0	28	3	0.0	0.0	0.0	0
266	0	115.456	690.404	132.352	690.447	Date	0.0	0.31	0.0	0.0	0.0	8	4	0.0	0.0	0.0	0
267	0	144.751	690.404	182.095	690.447	Weekdays	0.0	0.31	0.0	0.0	0.0	42	8	0.0	0.0	0.0	0
268	0	204.749	690.404	247.877	690.447	Spots/Week	0.0	0.31	0.0	0.0	0.0	33	10	0.0	0.0	0.0	0
269	0	285.001	690.404	301.897	690.447	Rate	0.0	0.27	0.0	0.0	0.0	13	4	0.0	0.0	0.0	0
270	0	25.5	699.404	48.172	699.447	Week:	0.0	0.2	0.0	0.0	0.0	29	5	0.0	0.0	0.0	0
271	0	51.749	699.404	82.885	699.447	09/24/12	0.0	0.18	0.0	0.0	0.0	0	8	0.75	0.0	0.0	0
272	0	99.0	699.404	130.136	699.447	09/30/12	0.0	0.15	0.0	0.0	0.0	0	8	0.75	0.0	0.0	0
273	0	144.751	699.319	178.519	699.356	--W----	0.0	0.06	0.0	0.0	0.0	105	7	0.0	0.0	0.0	0
274	0	272.613	699.404	301.525	699.447	$150.00	0.0	0.08	0.0	0.0	0.71	0	7	0.71428573	1.0	5.0172796	0
275	0	45.0	712.904	65.896	712.947	KSAZ	0.0	0.09	0.0	0.0	0.0	618	4	0.0	0.0	0.0	0
276	0	71.249	712.904	102.385	712.947	09/27/12	0.0	0.07	0.0	0.0	0.0	0	8	0.75	0.0	0.0	0
277	0	113.25	712.904	144.386	712.947	09/27/12	0.0	0.13	0.0	0.0	0.0	0	8	0.75	0.0	0.0	0
278	0	155.251	712.904	169.467	712.947	M-F	0.0	0.17	0.0	0.0	0.0	47	3	0.0	0.0	0.0	0
279	0	171.691	712.904	196.595	712.947	430-5a	0.0	0.18	0.0	0.0	0.0	16	6	0.6666667	0.0	0.0	0
280	0	198.819	712.904	218.819	712.947	News	0.0	0.18	0.0	0.0	0.0	17	4	0.0	0.0	0.0	0
281	0	260.252	712.904	285.156	712.947	430-5a	0.0	0.18	0.0	0.0	0.0	16	6	0.6666667	0.0	0.0	0
282	0	386.371	712.904	397.491	712.947	:30	0.0	0.17	0.0	0.0	0.0	0	3	0.6666667	0.0	0.0	0
283	0	563.609	712.904	592.521	712.947	$150.00	0.0	0.23	0.0	0.0	0.71	0	7	0.71428573	1.0	5.0172796	0
284	0	45.0	724.904	72.56	724.947	Political	0.0	0.3	0.0	0.0	0.0	160	9	0.0	0.0	0.0	0
285	0	74.784	724.904	93.904	724.947	Issue	0.0	0.3	0.0	0.0	0.0	343	5	0.0	0.0	0.0	0
286	0	213.517	750.934	228.637	750.977	Line	0.0	0.3	0.0	0.0	0.0	89	4	0.0	0.0	0.0	0
287	0	230.861	750.934	278.877	750.977	Transactions:	0.0	0.26	0.0	0.0	0.0	148	13	0.0	0.0	0.0	0
288	0	298.221	750.934	316.445	750.977	New,	0.0	0.24	0.0	0.0	0.0	46	4	0.0	0.0	0.0	0
289	0	333.125	750.934	358.029	750.977	Edited,	0.0	0.23	0.0	0.0	0.0	149	7	0.0	0.0	0.0	0
290	0	375.149	750.934	405.381	750.977	Deleted)	0.0	0.29	0.0	0.0	0.0	147	8	0.0	0.0	0.0	0
291	0	21.45	758.501	64.134	758.534	Notwithstanding	0.0	0.33	0.0	0.0	0.0	180	15	0.0	0.0	0.0	0
292	0	72.474	758.501	88.476	758.534	whom	0.0	0.33	0.0	0.0	0.0	184	4	0.0	0.0	0.0	0
293	0	90.144	758.501	100.476	758.534	bills	0.0	0.33	0.0	0.0	0.0	186	5	0.0	0.0	0.0	0
294	0	102.144	758.501	110.814	758.534	are	0.0	0.31	0.0	0.0	0.0	127	3	0.0	0.0	0.0	0
295	0	112.482	758.501	138.162	758.534	rendered,	0.0	0.31	0.0	0.0	0.0	185	9	0.0	0.0	0.0	0
296	0	139.83	758.501	167.838	758.534	advertiser,	0.0	0.26	0.0	0.0	0.0	6	11	0.0	0.0	0.0	0
297	0	169.506	758.501	188.85	758.534	agency	0.0	0.26	0.0	0.0	0.0	2	6	0.0	0.0	0.0	0
298	0	190.518	758.501	200.526	758.534	and	0.0	0.26	0.0	0.0	0.0	77	3	0.0	0.0	0.0	0
299	0	202.194	758.501	222.864	758.534	service,	0.0	0.26	0.0	0.0	0.0	169	8	0.0	0.0	0.0	0
300	0	224.532	758.501	239.868	758.534	jointly	0.0	0.28	0.0	0.0	0.0	155	7	0.0	0.0	0.0	0
301	0	241.536	758.501	251.544	758.534	and	0.0	0.28	0.0	0.0	0.0	77	3	0.0	0.0	0.0	0
302	0	253.212	758.501	278.55	758.534	severally,	0.0	0.31	0.0	0.0	0.0	151	10	0.0	0.0	0.0	0
303	0	280.218	758.501	292.554	758.534	shall	0.0	0.33	0.0	0.0	0.0	137	5	0.0	0.0	0.0	0
304	0	294.222	758.501	312.558	758.534	remain	0.0	0.33	0.0	0.0	0.0	179	6	0.0	0.0	0.0	0
305	0	314.226	758.501	338.574	758.534	obligated	0.0	0.33	0.0	0.0	0.0	181	9	0.0	0.0	0.0	0
306	0	346.914	758.501	356.586	758.534	pay	0.0	0.27	0.0	0.0	0.0	178	3	0.0	0.0	0.0	0
307	0	364.926	758.501	382.602	758.534	station	0.0	0.32	0.0	0.0	0.0	57	7	0.0	0.0	0.0	0
308	0	384.27	758.501	392.61	758.534	the	0.0	0.32	0.0	0.0	0.0	44	3	0.0	0.0	0.0	0
309	0	394.278	758.501	414.288	758.534	amount	0.0	0.32	0.0	0.0	0.0	25	6	0.0	0.0	0.0	0
310	0	422.628	758.501	432.3	758.534	any	0.0	0.29	0.0	0.0	0.0	126	3	0.0	0.0	0.0	0
311	0	433.968	758.501	444.3	758.534	bills	0.0	0.29	0.0	0.0	0.0	186	5	0.0	0.0	0.0	0
312	0	445.968	758.501	469.98	758.534	rendered	0.0	0.29	0.0	0.0	0.0	185	8	0.0	0.0	0.0	0
313	0	479.652	758.501	497.328	758.534	station	0.0	0.33	0.0	0.0	0.0	57	7	0.0	0.0	0.0	0
314	0	498.996	758.501	514.332	758.534	within	0.0	0.33	0.0	0.0	0.0	167	6	0.0	0.0	0.0	0
315	0	516.0	758.501	524.34	758.534	the	0.0	0.33	0.0	0.0	0.0	44	3	0.0	0.0	0.0	0
316	0	526.008	758.501	537.342	758.534	time	0.0	0.33	0.0	0.0	0.0	22	4	0.0	0.0	0.0	0
317	0	539.01	758.501	562.686	758.534	specified	0.0	0.33	0.0	0.0	0.0	153	9	0.0	0.0	0.0	0
318	0	564.354	758.501	574.362	758.534	and	0.0	0.33	0.0	0.0	0.0	77	3	0.0	0.0	0.0	0
319	0	576.03	758.501	587.034	758.534	until	0.0	0.33	0.0	0.0	0.0	177	5	0.0	0.0	0.0	0
320	0	29.31	765.581	52.32	765.614	payment	0.0	0.29	0.0	0.0	0.0	118	7	0.0	0.0	0.0	0
321	0	60.324	765.581	67.992	765.614	full	0.0	0.29	0.0	0.0	0.0	176	4	0.0	0.0	0.0	0
322	0	75.66	765.581	98.334	765.614	received	0.0	0.28	0.0	0.0	0.0	164	8	0.0	0.0	0.0	0
323	0	108.006	765.581	127.35	765.614	station.	0.0	0.33	0.0	0.0	0.0	57	8	0.0	0.0	0.0	0
324	0	130.686	765.581	154.362	765.614	Payment	0.0	0.33	0.0	0.0	0.0	118	7	0.0	0.0	0.0	0
325	0	164.034	765.581	190.374	765.614	advertiser	0.0	0.33	0.0	0.0	0.0	6	10	0.0	0.0	0.0	0
326	0	198.714	765.581	218.058	765.614	agency	0.0	0.33	0.0	0.0	0.0	2	6	0.0	0.0	0.0	0
327	0	233.4	765.581	252.402	765.614	service	0.0	0.28	0.0	0.0	0.0	169	7	0.0	0.0	0.0	0
328	0	261.072	765.581	284.082	765.614	payment	0.0	0.28	0.0	0.0	0.0	118	7	0.0	0.0	0.0	0
329	0	293.754	765.581	313.098	765.614	agency	0.0	0.25	0.0	0.0	0.0	2	6	0.0	0.0	0.0	0
330	0	321.438	765.581	342.108	765.614	service,	0.0	0.39	0.0	0.0	0.0	169	8	0.0	0.0	0.0	0
331	0	343.776	765.581	356.112	765.614	shall	0.0	0.41	0.0	0.0	0.0	137	5	0.0	0.0	0.0	0
332	0	357.78	765.581	366.12	765.614	not	0.0	0.41	0.0	0.0	0.0	117	3	0.0	0.0	0.0	0
333	0	367.788	765.581	393.468	765.614	constitute	0.0	0.41	0.0	0.0	0.0	156	10	0.0	0.0	0.0	0
334	0	395.136	765.581	418.146	765.614	payment	0.0	0.4	0.0	0.0	0.0	118	7	0.0	0.0	0.0	0
335	0	426.486	765.581	445.83	765.614	station.	0.0	0.39	0.0	0.0	0.0	57	8	0.0	0.0	0.0	0
336	0	449.166	765.581	467.844	765.614	Station	0.0	0.39	0.0	0.0	0.0	57	7	0.0	0.0	0.0	0
337	0	469.512	765.581	477.84	765.614	will	0.0	0.39	0.0	0.0	0.0	174	4	0.0	0.0	0.0	0
338	0	479.508	765.581	487.848	765.614	not	0.0	0.39	0.0	0.0	0.0	117	3	0.0	0.0	0.0	0
339	0	497.856	765.581	514.536	765.614	bound	0.0	0.31	0.0	0.0	0.0	202	5	0.0	0.0	0.0	0
340	0	524.208	765.581	552.888	765.614	conditions.	0.0	0.34	0.0	0.0	0.0	125	11	0.0	0.0	0.0	0
341	0	554.556	765.581	572.898	765.614	printed	0.0	0.34	0.0	0.0	0.0	159	7	0.0	0.0	0.0	0
342	0	21.57	772.661	47.244	772.694	otherwise	0.0	0.32	0.0	0.0	0.0	146	9	0.0	0.0	0.0	0
343	0	48.912	772.661	74.922	772.694	contracts,	0.0	0.3	0.0	0.0	0.0	130	10	0.0	0.0	0.0	0
344	0	76.59	772.661	99.264	772.694	insertion	0.0	0.39	0.0	0.0	0.0	208	9	0.0	0.0	0.0	0
345	0	100.932	772.661	119.604	772.694	orders,	0.0	0.39	0.0	0.0	0.0	54	7	0.0	0.0	0.0	0
346	0	121.272	772.661	133.944	772.694	copy	0.0	0.39	0.0	0.0	0.0	206	4	0.0	0.0	0.0	0
347	0	135.612	772.661	165.954	772.694	instructions	0.0	0.48	0.0	0.0	0.0	172	12	0.0	0.0	0.0	0
348	0	174.624	772.661	184.296	772.694	any	0.0	0.48	0.0	0.0	0.0	126	3	0.0	0.0	0.0	0
349	0	185.964	772.661	228.984	772.694	correspondence	0.0	0.48	0.0	0.0	0.0	183	14	0.0	0.0	0.0	0
350	0	230.652	772.661	244.992	772.694	when	0.0	0.44	0.0	0.0	0.0	204	4	0.0	0.0	0.0	0
351	0	246.66	772.661	259.332	772.694	such	0.0	0.37	0.0	0.0	0.0	168	4	0.0	0.0	0.0	0
352	0	261.0	772.661	279.672	772.694	conflict	0.0	0.33	0.0	0.0	0.0	207	8	0.0	0.0	0.0	0
353	0	281.34	772.661	292.008	772.694	with	0.0	0.33	0.0	0.0	0.0	101	4	0.0	0.0	0.0	0
354	0	293.676	772.661	302.016	772.694	the	0.0	0.33	0.0	0.0	0.0	44	3	0.0	0.0	0.0	0
355	0	303.684	772.661	320.028	772.694	above	0.0	0.33	0.0	0.0	0.0	135	5	0.0	0.0	0.0	0
356	0	321.696	772.661	336.696	772.694	terms	0.0	0.2	0.0	0.0	0.0	100	5	0.0	0.0	0.0	0
357	0	338.364	772.661	348.372	772.694	and	0.0	0.26	0.0	0.0	0.0	77	3	0.0	0.0	0.0	0
358	0	350.04	772.661	378.72	772.694	conditions.	0.0	0.31	0.0	0.0	0.0	125	11	0.0	0.0	0.0	0
359	0	382.056	772.661	393.39	772.694	Two	0.0	0.31	0.0	0.0	0.0	269	3	0.0	0.0	0.0	0
360	0	395.058	772.661	409.062	772.694	week	0.0	0.31	0.0	0.0	0.0	29	4	0.0	0.0	0.0	0
361	0	410.73	772.661	433.41	772.694	advance	0.0	0.31	0.0	0.0	0.0	209	7	0.0	0.0	0.0	0
362	0	435.078	772.661	466.758	772.694	cancellation	0.0	0.35	0.0	0.0	0.0	230	12	0.0	0.0	0.0	0
363	0	468.426	772.661	484.434	772.694	notice	0.0	0.35	0.0	0.0	0.0	196	6	0.0	0.0	0.0	0
364	0	492.102	772.661	514.11	772.694	required	0.0	0.35	0.0	0.0	0.0	222	8	0.0	0.0	0.0	0
365	0	515.778	772.661	533.118	772.694	unless	0.0	0.36	0.0	0.0	0.0	205	6	0.0	0.0	0.0	0
366	0	534.786	772.661	560.46	772.694	otherwise	0.0	0.36	0.0	0.0	0.0	146	9	0.0	0.0	0.0	0
367	0	562.128	772.661	587.472	772.694	specified.	0.0	0.36	0.0	0.0	0.0	153	10	0.0	0.0	0.0	0
368	1	18.0	25.174	48.232	25.217	Contract	0.0	0.36	0.0	0.0	0.0	53	8	0.0	0.0	0.0	0
369	1	50.456	25.174	89.584	25.217	Agreement	0.0	0.35	0.0	0.0	0.0	115	9	0.0	0.0	0.0	0
370	1	91.808	25.174	125.16	25.217	Between:	0.0	0.35	0.0	0.0	0.0	120	8	0.0	0.0	0.0	0
371	1	433.023	25.174	449.471	25.217	Print	0.0	0.31	0.0	0.0	0.0	37	5	0.0	0.0	0.0	0
372	1	451.695	25.174	468.591	25.217	Date	0.0	0.27	0.0	0.0	0.0	8	4	0.0	0.0	0.0	0
373	1	474.001	25.174	505.137	25.217	09/20/12	0.0	0.16	0.0	0.0	0.0	0	8	0.75	0.0	0.0	0
374	1	533.251	25.174	551.931	25.217	Page	0.0	0.16	0.0	0.0	0.0	7	4	0.0	0.0	0.0	0
375	1	406.681	55.174	436.913	55.217	Contract	0.0	0.4	0.0	0.0	0.0	53	8	0.0	0.0	0.0	0
376	1	443.585	55.174	474.257	55.217	Revision	0.0	0.4	0.0	0.0	0.0	75	8	0.0	0.0	0.0	0
377	1	495.842	55.174	505.178	55.217	Alt	0.0	0.4	0.0	0.0	0.0	31	3	0.0	0.0	0.0	0
378	1	507.402	55.174	527.85	55.217	Order	0.0	0.39	0.0	0.0	0.0	9	5	0.0	0.0	0.0	0
379	1	119.999	60.957	147.219	61.012	KSAZ	0.0	0.2	0.0	0.0	0.0	618	4	0.0	0.0	0.0	0
380	1	414.781	67.174	445.917	67.217	4073432	0.0	0.23	0.0	0.0	0.44	0	7	1.0	1.0	15.219996	0
381	1	495.842	67.174	523.402	67.217	Political	0.0	0.26	0.0	0.0	0.0	160	9	0.0	0.0	0.0	0
382	1	525.626	67.174	544.746	67.217	Issue	0.0	0.26	0.0	0.0	0.0	343	5	0.0	0.0	0.0	0
383	1	119.999	72.957	136.679	73.012	511	0.0	0.25	0.0	0.0	0.57	0	3	1.0	1.0	6.2383246	0
384	1	154.459	72.957	187.799	73.012	Adams	0.0	0.24	0.0	0.0	0.0	1426	5	0.0	0.0	0.0	0
385	1	190.579	72.957	218.919	73.012	Street	0.0	0.24	0.0	0.0	0.0	162	6	0.0	0.0	0.0	0
386	1	119.999	84.957	161.679	85.012	Phoenix,	0.0	0.29	0.0	0.0	0.0	1269	8	0.0	0.0	0.0	0
387	1	183.349	84.957	211.149	85.012	85003	0.0	0.29	0.0	0.0	0.75	0	5	1.0	1.0	11.350453	0
388	1	309.002	85.174	339.234	85.217	Contract	0.0	0.32	0.0	0.0	0.0	53	8	0.0	0.0	0.0	0
389	1	341.458	85.174	362.354	85.217	Dates	0.0	0.32	0.0	0.0	0.0	18	5	0.0	0.0	0.0	0
390	1	405.751	85.174	433.319	85.217	Product	0.0	0.32	0.0	0.0	0.0	5	7	0.0	0.0	0.0	0
391	1	495.0	85.174	526.12	85.217	Estimate	0.0	0.32	0.0	0.0	0.0	23	8	0.0	0.0	0.0	0
392	1	119.999	96.957	143.339	97.012	(602)	0.0	0.11	0.0	0.0	0.0	0	5	0.6	0.0	0.0	0
393	1	146.119	96.957	188.369	97.012	257-1234	0.0	0.1	0.0	0.0	0.0	0	8	0.875	0.0	0.0	0
394	1	309.002	97.414	340.138	97.458	09/21/12	0.0	0.13	0.0	0.0	0.0	0	8	0.75	0.0	0.0	0
395	1	347.25	97.414	378.386	97.458	09/27/12	0.0	0.15	0.0	0.0	0.0	0	8	0.75	0.0	0.0	0
396	1	406.681	97.174	429.785	97.217	NRCC	0.0	0.18	0.0	0.0	0.0	1107	4	0.0	0.0	0.0	0
397	1	441.793	97.174	484.033	97.217	2012-SKED	0.0	0.15	0.0	0.0	0.0	699	9	0.44444445	0.0	0.0	0
398	1	495.842	97.414	513.634	97.458	3215	0.0	0.3	0.0	0.0	0.53	0	4	1.0	1.0	8.075893	0
399	1	309.002	115.174	345.01	115.217	Advertiser	0.0	0.32	0.0	0.0	0.0	6	10	0.0	0.0	0.0	0
400	1	475.501	115.174	503.061	115.217	Original	0.0	0.36	0.0	0.0	0.0	39	8	0.0	0.0	0.0	0
401	1	505.285	115.174	522.181	115.217	Date	0.0	0.36	0.0	0.0	0.0	8	4	0.0	0.0	0.0	0
402	1	528.853	115.174	559.525	115.217	Revision	0.0	0.36	0.0	0.0	0.0	75	8	0.0	0.0	0.0	0
403	1	309.002	128.914	332.106	128.958	NRCC	0.0	0.35	0.0	0.0	0.0	1107	4	0.0	0.0	0.0	0
404	1	483.54	127.174	514.676	127.217	09/19/12	0.0	0.27	0.0	0.0	0.0	0	8	0.75	0.0	0.0	0
405	1	536.416	127.174	567.552	127.217	09/20/12	0.0	0.17	0.0	0.0	0.0	0	8	0.75	0.0	0.0	0
406	1	401.25	151.261	426.765	151.309	Spots/	0.0	0.24	0.0	0.0	0.0	4	6	0.0	0.0	0.0	0
407	1	20.251	162.511	41.759	163.401	*Line	0.0	0.31	0.0	0.0	0.0	89	5	0.0	0.0	0.0	0
408	1	69.749	162.511	88.757	162.559	Start	0.0	0.31	0.0	0.0	0.0	26	5	0.0	0.0	0.0	0
409	1	91.259	162.511	128.512	162.559	DateEnd	0.0	0.31	0.0	0.0	0.0	144	7	0.0	0.0	0.0	0
410	1	131.014	162.511	150.022	162.559	Date	0.0	0.29	0.0	0.0	0.0	8	4	0.0	0.0	0.0	0
411	1	155.251	162.511	200.26	162.559	Description	0.0	0.29	0.0	0.0	0.0	62	11	0.0	0.0	0.0	0
412	1	260.252	162.511	297.773	162.559	Start/End	0.0	0.29	0.0	0.0	0.0	35	9	0.0	0.0	0.0	0
413	1	300.275	162.511	320.273	162.559	Time	0.0	0.34	0.0	0.0	0.0	22	4	0.0	0.0	0.0	0
414	1	333.751	162.511	354.253	162.559	Days	0.0	0.34	0.0	0.0	0.0	38	4	0.0	0.0	0.0	0
415	1	369.0	162.511	396.522	162.559	Length	0.0	0.34	0.0	0.0	0.0	56	6	0.0	0.0	0.0	0
416	1	401.25	162.511	424.254	162.559	Week	0.0	0.34	0.0	0.0	0.0	29	4	0.0	0.0	0.0	0
417	1	444.75	162.511	463.758	162.559	Rate	0.0	0.34	0.0	0.0	0.0	13	4	0.0	0.0	0.0	0
418	1	489.002	162.511	533.014	162.559	TypeSpots	0.0	0.34	0.0	0.0	0.0	158	9	0.0	0.0	0.0	0
419	1	558.751	162.511	589.765	162.559	Amount	0.0	0.34	0.0	0.0	0.0	25	6	0.0	0.0	0.0	0
420	1	51.749	175.174	68.645	175.217	Start	0.0	0.34	0.0	0.0	0.0	26	5	0.0	0.0	0.0	0
421	1	70.869	175.174	87.765	175.217	Date	0.0	0.24	0.0	0.0	0.0	8	4	0.0	0.0	0.0	0
422	1	99.0	175.174	113.232	175.217	End	0.0	0.31	0.0	0.0	0.0	28	3	0.0	0.0	0.0	0
423	1	115.456	175.174	132.352	175.217	Date	0.0	0.31	0.0	0.0	0.0	8	4	0.0	0.0	0.0	0
424	1	144.751	175.174	182.095	175.217	Weekdays	0.0	0.31	0.0	0.0	0.0	42	8	0.0	0.0	0.0	0
425	1	204.749	175.174	247.877	175.217	Spots/Week	0.0	0.31	0.0	0.0	0.0	33	10	0.0	0.0	0.0	0
426	1	285.001	175.174	301.897	175.217	Rate	0.0	0.27	0.0	0.0	0.0	13	4	0.0	0.0	0.0	0
427	1	25.5	184.174	48.172	184.217	Week:	0.0	0.2	0.0	0.0	0.0	29	5	0.0	0.0	0.0	0
428	1	51.749	184.174	82.885	184.217	09/24/12	0.0	0.18	0.0	0.0	0.0	0	8	0.75	0.0	0.0	0
429	1	99.0	184.174	130.136	184.217	09/30/12	0.0	0.15	0.0	0.0	0.0	0	8	0.75	0.0	0.0	0
430	1	144.751	184.089	178.519	184.126	---T---	0.0	0.06	0.0	0.0	0.0	92	7	0.0	0.0	0.0	0
431	1	272.613	184.174	301.525	184.217	$150.00	0.0	0.07	0.0	0.0	0.71	0	7	0.71428573	1.0	5.0172796	0
432	1	45.0	197.674	65.896	197.717	KSAZ	0.0	0.09	0.0	0.0	0.0	618	4	0.0	0.0	0.0	0
433	1	71.249	197.674	102.385	197.717	09/21/12	0.0	0.07	0.0	0.0	0.0	0	8	0.75	0.0	0.0	0
434	1	113.25	197.674	144.386	197.717	09/21/12	0.0	0.12	0.0	0.0	0.0	0	8	0.75	0.0	0.0	0
435	1	155.251	197.674	169.467	197.717	M-F	0.0	0.14	0.0	0.0	0.0	47	3	0.0	0.0	0.0	0
436	1	171.691	197.674	201.043	197.717	10a-11a	0.0	0.15	0.0	0.0	0.0	84	7	0.5714286	0.0	0.0	0
437	1	260.252	197.674	289.604	197.717	10a-11a	0.0	0.15	0.0	0.0	0.0	84	7	0.5714286	0.0	0.0	0
438	1	386.371	197.674	397.491	197.717	:30	0.0	0.14	0.0	0.0	0.0	0	3	0.6666667	0.0	0.0	0
439	1	563.609	197.674	592.521	197.717	$250.00	0.0	0.24	0.0	0.0	0.71	0	7	0.71428573	1.0	5.525453	0
440	1	45.0	209.674	72.56	209.717	Political	0.0	0.32	0.0	0.0	0.0	160	9	0.0	0.0	0.0	0
441	1	74.784	209.674	93.904	209.717	Issue	0.0	0.32	0.0	0.0	0.0	343	5	0.0	0.0	0.0	0
442	1	51.749	218.674	68.645	218.717	Start	0.0	0.32	0.0	0.0	0.0	26	5	0.0	0.0	0.0	0
443	1	70.869	218.674	87.765	218.717	Date	0.0	0.32	0.0	0.0	0.0	8	4	0.0	0.0	0.0	0
444	1	99.0	218.674	113.232	218.717	End	0.0	0.32	0.0	0.0	0.0	28	3	0.0	0.0	0.0	0
445	1	115.456	218.674	132.352	218.717	Date	0.0	0.31	0.0	0.0	0.0	8	4	0.0	0.0	0.0	0
446	1	144.751	218.674	182.095	218.717	Weekdays	0.0	0.31	0.0	0.0	0.0	42	8	0.0	0.0	0.0	0
447	1	204.749	218.674	247.877	218.717	Spots/Week	0.0	0.31	0.0	0.0	0.0	33	10	0.0	0.0	0.0	0
448	1	285.001	218.674	301.897	218.717	Rate	0.0	0.27	0.0	0.0	0.0	13	4	0.0	0.0	0.0	0
449	1	25.5	227.674	48.172	227.717	Week:	0.0	0.2	0.0	0.0	0.0	29	5	0.0	0.0	0.0	0
450	1	51.749	227.674	82.885	227.717	09/17/12	0.0	0.18	0.0	0.0	0.0	0	8	0.75	0.0	0.0	0
451	1	99.0	227.674	130.136	227.717	09/23/12	0.0	0.15	0.0	0.0	0.0	0	8	0.75	0.0	0.0	0
452	1	144.751	227.589	178.519	227.626	----F--	0.0	0.06	0.0	0.0	0.0	94	7	0.0	0.0	0.0	0
453	1	272.613	227.674	301.525	227.717	$250.00	0.0	0.07	0.0	0.0	0.71	0	7	0.71428573	1.0	5.525453	0
454	1	45.0	241.164	65.896	241.207	KSAZ	0.0	0.09	0.0	0.0	0.0	618	4	0.0	0.0	0.0	0
455	1	71.249	241.164	102.385	241.207	09/24/12	0.0	0.07	0.0	0.0	0.0	0	8	0.75	0.0	0.0	0
456	1	113.25	241.164	144.386	241.207	09/24/12	0.0	0.12	0.0	0.0	0.0	0	8	0.75	0.0	0.0	0
457	1	155.251	241.164	169.467	241.207	M-F	0.0	0.14	0.0	0.0	0.0	47	3	0.0	0.0	0.0	0
458	1	171.691	241.164	201.043	241.207	10a-11a	0.0	0.15	0.0	0.0	0.0	84	7	0.5714286	0.0	0.0	0
459	1	260.252	241.164	289.604	241.207	10a-11a	0.0	0.15	0.0	0.0	0.0	84	7	0.5714286	0.0	0.0	0
460	1	386.371	241.164	397.491	241.207	:30	0.0	0.14	0.0	0.0	0.0	0	3	0.6666667	0.0	0.0	0
461	1	563.609	241.164	592.521	241.207	$250.00	0.0	0.24	0.0	0.0	0.71	0	7	0.71428573	1.0	5.525453	0
462	1	45.0	253.164	72.56	253.207	Political	0.0	0.32	0.0	0.0	0.0	160	9	0.0	0.0	0.0	0
463	1	74.784	253.164	93.904	253.207	Issue	0.0	0.32	0.0	0.0	0.0	343	5	0.0	0.0	0.0	0
464	1	51.749	262.164	68.645	262.207	Start	0.0	0.32	0.0	0.0	0.0	26	5	0.0	0.0	0.0	0
465	1	70.869	262.164	87.765	262.207	Date	0.0	0.32	0.0	0.0	0.0	8	4	0.0	0.0	0.0	0
466	1	99.0	262.164	113.232	262.207	End	0.0	0.32	0.0	0.0	0.0	28	3	0.0	0.0	0.0	0
467	1	115.456	262.164	132.352	262.207	Date	0.0	0.31	0.0	0.0	0.0	8	4	0.0	0.0	0.0	0
468	1	144.751	262.164	182.095	262.207	Weekdays	0.0	0.31	0.0	0.0	0.0	42	8	0.0	0.0	0.0	0
469	1	204.749	262.164	247.877	262.207	Spots/Week	0.0	0.31	0.0	0.0	0.0	33	10	0.0	0.0	0.0	0
470	1	285.001	262.164	301.897	262.207	Rate	0.0	0.27	0.0	0.0	0.0	13	4	0.0	0.0	0.0	0
471	1	25.5	271.164	48.172	271.207	Week:	0.0	0.2	0.0	0.0	0.0	29	5	0.0	0.0	0.0	0
472	1	51.749	271.164	82.885	271.207	09/24/12	0.0	0.18	0.0	0.0	0.0	0	8	0.75	0.0	0.0	0
473	1	99.0	271.164	130.136	271.207	09/30/12	0.0	0.15	0.0	0.0	0.0	0	8	0.75	0.0	0.0	0
474	1	144.751	271.079	178.519	271.116	M------	0.0	0.06	0.0	0.0	0.0	60	7	0.0	0.0	0.0	0
475	1	272.613	271.164	301.525	271.207	$250.00	0.0	0.07	0.0	0.0	0.71	0	7	0.71428573	1.0	5.525453	0
476	1	45.0	284.664	65.896	284.707	KSAZ	0.0	0.09	0.0	0.0	0.0	618	4	0.0	0.0	0.0	0
477	1	71.249	284.664	102.385	284.707	09/25/12	0.0	0.07	0.0	0.0	0.0	0	8	0.75	0.0	0.0	0
478	1	113.25	284.664	144.386	284.707	09/25/12	0.0	0.12	0.0	0.0	0.0	0	8	0.75	0.0	0.0	0
479	1	155.251	284.664	169.467	284.707	M-F	0.0	0.14	0.0	0.0	0.0	47	3	0.0	0.0	0.0	0
480	1	171.691	284.664	201.043	284.707	10a-11a	0.0	0.15	0.0	0.0	0.0	84	7	0.5714286	0.0	0.0	0
481	1	260.252	284.664	289.604	284.707	10a-11a	0.0	0.15	0.0	0.0	0.0	84	7	0.5714286	0.0	0.0	0
482	1	386.371	284.664	397.491	284.707	:30	0.0	0.14	0.0	0.0	0.0	0	3	0.6666667	0.0	0.0	0
483	1	563.609	284.664	592.521	284.707	$250.00	0.0	0.24	0.0	0.0	0.71	0	7	0.71428573	1.0	5.525453	0
484	1	45.0	296.664	72.56	296.707	Political	0.0	0.32	0.0	0.0	0.0	160	9	0.0	0.0	0.0	0
485	1	74.784	296.664	93.904	296.707	Issue	0.0	0.32	0.0	0.0	0.0	343	5	0.0	0.0	0.0	0
486	1	51.749	305.664	68.645	305.707	Start	0.0	0.32	0.0	0.0	0.0	26	5	0.0	0.0	0.0	0
487	1	70.869	305.664	87.765	305.707	Date	0.0	0.32	0.0	0.0	0.0	8	4	0.0	0.0	0.0	0
488	1	99.0	305.664	113.232	305.707	End	0.0	0.32	0.0	0.0	0.0	28	3	0.0	0.0	0.0	0
489	1	115.456	305.664	132.352	305.707	Date	0.0	0.31	0.0	0.0	0.0	8	4	0.0	0.0	0.0	0
490	1	144.751	305.664	182.095	305.707	Weekdays	0.0	0.31	0.0	0.0	0.0	42	8	0.0	0.0	0.0	0
491	1	204.749	305.664	247.877	305.707	Spots/Week	0.0	0.31	0.0	0.0	0.0	33	10	0.0	0.0	0.0	0
492	1	285.001	305.664	301.897	305.707	Rate	0.0	0.27	0.0	0.0	0.0	13	4	0.0	0.0	0.0	0
493	1	25.5	314.664	48.172	314.707	Week:	0.0	0.2	0.0	0.0	0.0	29	5	0.0	0.0	0.0	0
494	1	51.749	314.664	82.885	314.707	09/24/12	0.0	0.18	0.0	0.0	0.0	0	8	0.75	0.0	0.0	0
495	1	99.0	314.664	130.136	314.707	09/30/12	0.0	0.15	0.0	0.0	0.0	0	8	0.75	0.0	0.0	0
496	1	144.751	314.579	178.519	314.616	-T-----	0.0	0.06	0.0	0.0	0.0	92	7	0.0	0.0	0.0	0
497	1	272.613	314.664	301.525	314.707	$250.00	0.0	0.07	0.0	0.0	0.71	0	7	0.71428573	1.0	5.525453	0
498	1	45.0	328.164	65.896	328.207	KSAZ	0.0	0.09	0.0	0.0	0.0	618	4	0.0	0.0	0.0	0
499	1	71.249	328.164	102.385	328.207	09/26/12	0.0	0.07	0.0	0.0	0.0	0	8	0.75	0.0	0.0	0
500	1	113.25	328.164	144.386	328.207	09/26/12	0.0	0.12	0.0	0.0	0.0	0	8	0.75	0.0	0.0	0
501	1	155.251	328.164	169.467	328.207	M-F	0.0	0.14	0.0	0.0	0.0	47	3	0.0	0.0	0.0	0
502	1	171.691	328.164	201.043	328.207	10a-11a	0.0	0.15	0.0	0.0	0.0	84	7	0.5714286	0.0	0.0	0
503	1	260.252	328.164	289.604	328.207	10a-11a	0.0	0.15	0.0	0.0	0.0	84	7	0.5714286	0.0	0.0	0
504	1	386.371	328.164	397.491	328.207	:30	0.0	0.14	0.0	0.0	0.0	0	3	0.6666667	0.0	0.0	0
505	1	563.609	328.164	592.521	328.207	$250.00	0.0	0.24	0.0	0.0	0.71	0	7	0.71428573	1.0	5.525453	0
506	1	45.0	340.164	72.56	340.207	Political	0.0	0.32	0.0	0.0	0.0	160	9	0.0	0.0	0.0	0
507	1	74.784	340.164	93.904	340.207	Issue	0.0	0.32	0.0	0.0	0.0	343	5	0.0	0.0	0.0	0
508	1	51.749	349.164	68.645	349.207	Start	0.0	0.32	0.0	0.0	0.0	26	5	0.0	0.0	0.0	0
509	1	70.869	349.164	87.765	349.207	Date	0.0	0.32	0.0	0.0	0.0	8	4	0.0	0.0	0.0	0
510	1	99.0	349.164	113.232	349.207	End	0.0	0.32	0.0	0.0	0.0	28	3	0.0	0.0	0.0	0
511	1	115.456	349.164	132.352	349.207	Date	0.0	0.31	0.0	0.0	0.0	8	4	0.0	0.0	0.0	0
512	1	144.751	349.164	182.095	349.207	Weekdays	0.0	0.31	0.0	0.0	0.0	42	8	0.0	0.0	0.0	0
513	1	204.749	349.164	247.877	349.207	Spots/Week	0.0	0.31	0.0	0.0	0.0	33	10	0.0	0.0	0.0	0
514	1	285.001	349.164	301.897	349.207	Rate	0.0	0.27	0.0	0.0	0.0	13	4	0.0	0.0	0.0	0
515	1	25.5	358.164	48.172	358.207	Week:	0.0	0.2	0.0	0.0	0.0	29	5	0.0	0.0	0.0	0
516	1	51.749	358.164	82.885	358.207	09/24/12	0.0	0.18	0.0	0.0	0.0	0	8	0.75	0.0	0.0	0
517	1	99.0	358.164	130.136	358.207	09/30/12	0.0	0.15	0.0	0.0	0.0	0	8	0.75	0.0	0.0	0
518	1	144.751	358.079	178.519	358.116	--W----	0.0	0.06	0.0	0.0	0.0	105	7	0.0	0.0	0.0	0
519	1	272.613	358.164	301.525	358.207	$250.00	0.0	0.07	0.0	0.0	0.71	0	7	0.71428573	1.0	5.525453	0
520	1	45.0	371.664	65.896	371.707	KSAZ	0.0	0.09	0.0	0.0	0.0	618	4	0.0	0.0	0.0	0
521	1	71.249	371.664	102.385	371.707	09/27/12	0.0	0.07	0.0	0.0	0.0	0	8	0.75	0.0	0.0	0
522	1	113.25	371.664	144.386	371.707	09/27/12	0.0	0.12	0.0	0.0	0.0	0	8	0.75	0.0	0.0	0
523	1	155.251	371.664	169.467	371.707	M-F	0.0	0.14	0.0	0.0	0.0	47	3	0.0	0.0	0.0	0
524	1	171.691	371.664	201.043	371.707	10a-11a	0.0	0.15	0.0	0.0	0.0	84	7	0.5714286	0.0	0.0	0
525	1	260.252	371.664	289.604	371.707	10a-11a	0.0	0.15	0.0	0.0	0.0	84	7	0.5714286	0.0	0.0	0
526	1	386.371	371.664	397.491	371.707	:30	0.0	0.14	0.0	0.0	0.0	0	3	0.6666667	0.0	0.0	0
527	1	563.609	371.664	592.521	371.707	$250.00	0.0	0.24	0.0	0.0	0.71	0	7	0.71428573	1.0	5.525453	0
528	1	45.0	383.664	72.56	383.707	Political	0.0	0.32	0.0	0.0	0.0	160	9	0.0	0.0	0.0	0
529	1	74.784	383.664	93.904	383.707	Issue	0.0	0.32	0.0	0.0	0.0	343	5	0.0	0.0	0.0	0
530	1	51.749	392.664	68.645	392.707	Start	0.0	0.32	0.0	0.0	0.0	26	5	0.0	0.0	0.0	0
531	1	70.869	392.664	87.765	392.707	Date	0.0	0.32	0.0	0.0	0.0	8	4	0.0	0.0	0.0	0
532	1	99.0	392.664	113.232	392.707	End	0.0	0.32	0.0	0.0	0.0	28	3	0.0	0.0	0.0	0
533	1	115.456	392.664	132.352	392.707	Date	0.0	0.31	0.0	0.0	0.0	8	4	0.0	0.0	0.0	0
534	1	144.751	392.664	182.095	392.707	Weekdays	0.0	0.31	0.0	0.0	0.0	42	8	0.0	0.0	0.0	0
535	1	204.749	392.664	247.877	392.707	Spots/Week	0.0	0.31	0.0	0.0	0.0	33	10	0.0	0.0	0.0	0
536	1	285.001	392.664	301.897	392.707	Rate	0.0	0.27	0.0	0.0	0.0	13	4	0.0	0.0	0.0	0
537	1	25.5	401.664	48.172	401.707	Week:	0.0	0.2	0.0	0.0	0.0	29	5	0.0	0.0	0.0	0
538	1	51.749	401.664	82.885	401.707	09/24/12	0.0	0.18	0.0	0.0	0.0	0	8	0.75	0.0	0.0	0
539	1	99.0	401.664	130.136	401.707	09/30/12	0.0	0.15	0.0	0.0	0.0	0	8	0.75	0.0	0.0	0
540	1	144.751	401.579	178.519	401.616	---T---	0.0	0.06	0.0	0.0	0.0	92	7	0.0	0.0	0.0	0
541	1	272.613	401.664	301.525	401.707	$250.00	0.0	0.07	0.0	0.0	0.71	0	7	0.71428573	1.0	5.525453	0
542	1	45.0	415.154	65.896	415.197	KSAZ	0.0	0.09	0.0	0.0	0.0	618	4	0.0	0.0	0.0	0
543	1	71.249	415.154	102.385	415.197	09/21/12	0.0	0.07	0.0	0.0	0.0	0	8	0.75	0.0	0.0	0
544	1	113.25	415.154	144.386	415.197	09/21/12	0.0	0.06	0.0	0.0	0.0	0	8	0.75	0.0	0.0	0
545	1	155.251	415.154	169.467	415.197	M-F	0.0	0.06	0.0	0.0	0.0	47	3	0.0	0.0	0.0	0
546	1	171.691	415.154	192.147	415.197	3p-4p	0.0	0.07	0.0	0.0	0.0	72	5	0.4	0.0	0.0	0
547	1	260.252	415.154	280.708	415.197	3p-4p	0.0	0.08	0.0	0.0	0.0	72	5	0.4	0.0	0.0	0
548	1	386.371	415.154	397.491	415.197	:30	0.0	0.09	0.0	0.0	0.0	0	3	0.6666667	0.0	0.0	0
549	1	563.609	415.154	592.521	415.197	$500.00	0.0	0.24	0.0	0.0	0.86	0	7	0.71428573	1.0	6.216606	0
550	1	45.0	427.154	72.56	427.197	Political	0.0	0.32	0.0	0.0	0.0	160	9	0.0	0.0	0.0	0
551	1	74.784	427.154	93.904	427.197	Issue	0.0	0.32	0.0	0.0	0.0	343	5	0.0	0.0	0.0	0
552	1	51.749	436.154	68.645	436.197	Start	0.0	0.32	0.0	0.0	0.0	26	5	0.0	0.0	0.0	0
553	1	70.869	436.154	87.765	436.197	Date	0.0	0.32	0.0	0.0	0.0	8	4	0.0	0.0	0.0	0
554	1	99.0	436.154	113.232	436.197	End	0.0	0.32	0.0	0.0	0.0	28	3	0.0	0.0	0.0	0
555	1	115.456	436.154	132.352	436.197	Date	0.0	0.31	0.0	0.0	0.0	8	4	0.0	0.0	0.0	0
556	1	144.751	436.154	182.095	436.197	Weekdays	0.0	0.31	0.0	0.0	0.0	42	8	0.0	0.0	0.0	0
557	1	204.749	436.154	247.877	436.197	Spots/Week	0.0	0.31	0.0	0.0	0.0	33	10	0.0	0.0	0.0	0
558	1	285.001	436.154	301.897	436.197	Rate	0.0	0.27	0.0	0.0	0.0	13	4	0.0	0.0	0.0	0
559	1	25.5	445.154	48.172	445.197	Week:	0.0	0.2	0.0	0.0	0.0	29	5	0.0	0.0	0.0	0
560	1	51.749	445.154	82.885	445.197	09/17/12	0.0	0.18	0.0	0.0	0.0	0	8	0.75	0.0	0.0	0
561	1	99.0	445.154	130.136	445.197	09/23/12	0.0	0.15	0.0	0.0	0.0	0	8	0.75	0.0	0.0	0
562	1	144.751	445.069	178.519	445.106	----F--	0.0	0.06	0.0	0.0	0.0	94	7	0.0	0.0	0.0	0
563	1	272.613	445.154	301.525	445.197	$250.00	0.0	0.07	0.0	0.0	0.71	0	7	0.71428573	1.0	5.525453	0
564	1	45.0	458.654	65.896	458.697	KSAZ	0.0	0.09	0.0	0.0	0.0	618	4	0.0	0.0	0.0	0
565	1	71.249	458.654	102.385	458.697	09/24/12	0.0	0.07	0.0	0.0	0.0	0	8	0.75	0.0	0.0	0
566	1	113.25	458.654	144.386	458.697	09/24/12	0.0	0.06	0.0	0.0	0.0	0	8	0.75	0.0	0.0	0
567	1	155.251	458.654	169.467	458.697	M-F	0.0	0.06	0.0	0.0	0.0	47	3	0.0	0.0	0.0	0
568	1	171.691	458.654	192.147	458.697	3p-4p	0.0	0.07	0.0	0.0	0.0	72	5	0.4	0.0	0.0	0
569	1	260.252	458.654	280.708	458.697	3p-4p	0.0	0.08	0.0	0.0	0.0	72	5	0.4	0.0	0.0	0
570	1	386.371	458.654	397.491	458.697	:30	0.0	0.09	0.0	0.0	0.0	0	3	0.6666667	0.0	0.0	0
571	1	563.609	458.654	592.521	458.697	$500.00	0.0	0.24	0.0	0.0	0.86	0	7	0.71428573	1.0	6.216606	0
572	1	45.0	470.654	72.56	470.697	Political	0.0	0.32	0.0	0.0	0.0	160	9	0.0	0.0	0.0	0
573	1	74.784	470.654	93.904	470.697	Issue	0.0	0.32	0.0	0.0	0.0	343	5	0.0	0.0	0.0	0
574	1	51.749	479.654	68.645	479.697	Start	0.0	0.32	0.0	0.0	0.0	26	5	0.0	0.0	0.0	0
575	1	70.869	479.654	87.765	479.697	Date	0.0	0.32	0.0	0.0	0.0	8	4	0.0	0.0	0.0	0
576	1	99.0	479.654	113.232	479.697	End	0.0	0.32	0.0	0.0	0.0	28	3	0.0	0.0	0.0	0
577	1	115.456	479.654	132.352	479.697	Date	0.0	0.31	0.0	0.0	0.0	8	4	0.0	0.0	0.0	0
578	1	144.751	479.654	182.095	479.697	Weekdays	0.0	0.31	0.0	0.0	0.0	42	8	0.0	0.0	0.0	0
579	1	204.749	479.654	247.877	479.697	Spots/Week	0.0	0.31	0.0	0.0	0.0	33	10	0.0	0.0	0.0	0
580	1	285.001	479.654	301.897	479.697	Rate	0.0	0.27	0.0	0.0	0.0	13	4	0.0	0.0	0.0	0
581	1	25.5	488.654	48.172	488.697	Week:	0.0	0.2	0.0	0.0	0.0	29	5	0.0	0.0	0.0	0
582	1	51.749	488.654	82.885	488.697	09/24/12	0.0	0.18	0.0	0.0	0.0	0	8	0.75	0.0	0.0	0
583	1	99.0	488.654	130.136	488.697	09/30/12	0.0	0.15	0.0	0.0	0.0	0	8	0.75	0.0	0.0	0
584	1	144.751	488.569	178.519	488.606	M------	0.0	0.06	0.0	0.0	0.0	60	7	0.0	0.0	0.0	0
585	1	272.613	488.654	301.525	488.697	$250.00	0.0	0.07	0.0	0.0	0.71	0	7	0.71428573	1.0	5.525453	0
586	1	45.0	502.154	65.896	502.197	KSAZ	0.0	0.09	0.0	0.0	0.0	618	4	0.0	0.0	0.0	0
587	1	71.249	502.154	102.385	502.197	09/25/12	0.0	0.07	0.0	0.0	0.0	0	8	0.75	0.0	0.0	0
588	1	113.25	502.154	144.386	502.197	09/25/12	0.0	0.06	0.0	0.0	0.0	0	8	0.75	0.0	0.0	0
589	1	155.251	502.154	169.467	502.197	M-F	0.0	0.06	0.0	0.0	0.0	47	3	0.0	0.0	0.0	0
590	1	171.691	502.154	192.147	502.197	3p-4p	0.0	0.07	0.0	0.0	0.0	72	5	0.4	0.0	0.0	0
591	1	260.252	502.154	280.708	502.197	3p-4p	0.0	0.08	0.0	0.0	0.0	72	5	0.4	0.0	0.0	0
592	1	386.371	502.154	397.491	502.197	:30	0.0	0.09	0.0	0.0	0.0	0	3	0.6666667	0.0	0.0	0
593	1	563.609	502.154	592.521	502.197	$500.00	0.0	0.24	0.0	0.0	0.86	0	7	0.71428573	1.0	6.216606	0
594	1	45.0	514.154	72.56	514.197	Political	0.0	0.32	0.0	0.0	0.0	160	9	0.0	0.0	0.0	0
595	1	74.784	514.154	93.904	514.197	Issue	0.0	0.32	0.0	0.0	0.0	343	5	0.0	0.0	0.0	0
596	1	51.749	523.154	68.645	523.197	Start	0.0	0.32	0.0	0.0	0.0	26	5	0.0	0.0	0.0	0
597	1	70.869	523.154	87.765	523.197	Date	0.0	0.32	0.0	0.0	0.0	8	4	0.0	0.0	0.0	0
598	1	99.0	523.154	113.232	523.197	End	0.0	0.32	0.0	0.0	0.0	28	3	0.0	0.0	0.0	0
599	1	115.456	523.154	132.352	523.197	Date	0.0	0.31	0.0	0.0	0.0	8	4	0.0	0.0	0.0	0
600	1	144.751	523.154	182.095	523.197	Weekdays	0.0	0.31	0.0	0.0	0.0	42	8	0.0	0.0	0.0	0
601	1	204.749	523.154	247.877	523.197	Spots/Week	0.0	0.31	0.0	0.0	0.0	33	10	0.0	0.0	0.0	0
602	1	285.001	523.154	301.897	523.197	Rate	0.0	0.27	0.0	0.0	0.0	13	4	0.0	0.0	0.0	0
603	1	25.5	532.154	48.172	532.197	Week:	0.0	0.2	0.0	0.0	0.0	29	5	0.0	0.0	0.0	0
604	1	51.749	532.154	82.885	532.197	09/24/12	0.0	0.18	0.0	0.0	0.0	0	8	0.75	0.0	0.0	0
605	1	99.0	532.154	130.136	532.197	09/30/12	0.0	0.15	0.0	0.0	0.0	0	8	0.75	0.0	0.0	0
606	1	144.751	532.069	178.519	532.106	-T-----	0.0	0.06	0.0	0.0	0.0	92	7	0.0	0.0	0.0	0
607	1	272.613	532.154	301.525	532.197	$250.00	0.0	0.07	0.0	0.0	0.71	0	7	0.71428573	1.0	5.525453	0
608	1	45.0	545.654	65.896	545.697	KSAZ	0.0	0.09	0.0	0.0	0.0	618	4	0.0	0.0	0.0	0
609	1	71.249	545.654	102.385	545.697	09/26/12	0.0	0.07	0.0	0.0	0.0	0	8	0.75	0.0	0.0	0
610	1	113.25	545.654	144.386	545.697	09/26/12	0.0	0.06	0.0	0.0	0.0	0	8	0.75	0.0	0.0	0
611	1	155.251	545.654	169.467	545.697	M-F	0.0	0.06	0.0	0.0	0.0	47	3	0.0	0.0	0.0	0
612	1	171.691	545.654	192.147	545.697	3p-4p	0.0	0.07	0.0	0.0	0.0	72	5	0.4	0.0	0.0	0
613	1	260.252	545.654	280.708	545.697	3p-4p	0.0	0.08	0.0	0.0	0.0	72	5	0.4	0.0	0.0	0
614	1	386.371	545.654	397.491	545.697	:30	0.0	0.09	0.0	0.0	0.0	0	3	0.6666667	0.0	0.0	0
615	1	563.609	545.654	592.521	545.697	$500.00	0.0	0.24	0.0	0.0	0.86	0	7	0.71428573	1.0	6.216606	0
616	1	45.0	557.654	72.56	557.697	Political	0.0	0.32	0.0	0.0	0.0	160	9	0.0	0.0	0.0	0
617	1	74.784	557.654	93.904	557.697	Issue	0.0	0.32	0.0	0.0	0.0	343	5	0.0	0.0	0.0	0
618	1	51.749	566.654	68.645	566.697	Start	0.0	0.32	0.0	0.0	0.0	26	5	0.0	0.0	0.0	0
619	1	70.869	566.654	87.765	566.697	Date	0.0	0.32	0.0	0.0	0.0	8	4	0.0	0.0	0.0	0
620	1	99.0	566.654	113.232	566.697	End	0.0	0.32	0.0	0.0	0.0	28	3	0.0	0.0	0.0	0
621	1	115.456	566.654	132.352	566.697	Date	0.0	0.31	0.0	0.0	0.0	8	4	0.0	0.0	0.0	0
622	1	144.751	566.654	182.095	566.697	Weekdays	0.0	0.31	0.0	0.0	0.0	42	8	0.0	0.0	0.0	0
623	1	204.749	566.654	247.877	566.697	Spots/Week	0.0	0.31	0.0	0.0	0.0	33	10	0.0	0.0	0.0	0
624	1	285.001	566.654	301.897	566.697	Rate	0.0	0.27	0.0	0.0	0.0	13	4	0.0	0.0	0.0	0
625	1	25.5	575.654	48.172	575.697	Week:	0.0	0.2	0.0	0.0	0.0	29	5	0.0	0.0	0.0	0
626	1	51.749	575.654	82.885	575.697	09/24/12	0.0	0.18	0.0	0.0	0.0	0	8	0.75	0.0	0.0	0
627	1	99.0	575.654	130.136	575.697	09/30/12	0.0	0.15	0.0	0.0	0.0	0	8	0.75	0.0	0.0	0
628	1	144.751	575.569	178.519	575.606	--W----	0.0	0.06	0.0	0.0	0.0	105	7	0.0	0.0	0.0	0
629	1	272.613	575.654	301.525	575.697	$250.00	0.0	0.07	0.0	0.0	0.71	0	7	0.71428573	1.0	5.525453	0
630	1	45.0	589.154	65.896	589.197	KSAZ	0.0	0.09	0.0	0.0	0.0	618	4	0.0	0.0	0.0	0
631	1	71.249	589.154	102.385	589.197	09/27/12	0.0	0.07	0.0	0.0	0.0	0	8	0.75	0.0	0.0	0
632	1	113.25	589.154	144.386	589.197	09/27/12	0.0	0.06	0.0	0.0	0.0	0	8	0.75	0.0	0.0	0
633	1	155.251	589.154	169.467	589.197	M-F	0.0	0.06	0.0	0.0	0.0	47	3	0.0	0.0	0.0	0
634	1	171.691	589.154	192.147	589.197	3p-4p	0.0	0.07	0.0	0.0	0.0	72	5	0.4	0.0	0.0	0
635	1	260.252	589.154	280.708	589.197	3p-4p	0.0	0.08	0.0	0.0	0.0	72	5	0.4	0.0	0.0	0
636	1	386.371	589.154	397.491	589.197	:30	0.0	0.09	0.0	0.0	0.0	0	3	0.6666667	0.0	0.0	0
637	1	563.609	589.154	592.521	589.197	$500.00	0.0	0.24	0.0	0.0	0.86	0	7	0.71428573	1.0	6.216606	0
638	1	45.0	601.144	72.56	601.187	Political	0.0	0.32	0.0	0.0	0.0	160	9	0.0	0.0	0.0	0
639	1	74.784	601.144	93.904	601.187	Issue	0.0	0.32	0.0	0.0	0.0	343	5	0.0	0.0	0.0	0
640	1	51.749	610.144	68.645	610.187	Start	0.0	0.32	0.0	0.0	0.0	26	5	0.0	0.0	0.0	0
641	1	70.869	610.144	87.765	610.187	Date	0.0	0.32	0.0	0.0	0.0	8	4	0.0	0.0	0.0	0
642	1	99.0	610.144	113.232	610.187	End	0.0	0.32	0.0	0.0	0.0	28	3	0.0	0.0	0.0	0
643	1	115.456	610.144	132.352	610.187	Date	0.0	0.31	0.0	0.0	0.0	8	4	0.0	0.0	0.0	0
644	1	144.751	610.144	182.095	610.187	Weekdays	0.0	0.31	0.0	0.0	0.0	42	8	0.0	0.0	0.0	0
645	1	204.749	610.144	247.877	610.187	Spots/Week	0.0	0.31	0.0	0.0	0.0	33	10	0.0	0.0	0.0	0
646	1	285.001	610.144	301.897	610.187	Rate	0.0	0.27	0.0	0.0	0.0	13	4	0.0	0.0	0.0	0
647	1	25.5	619.144	48.172	619.187	Week:	0.0	0.2	0.0	0.0	0.0	29	5	0.0	0.0	0.0	0
648	1	51.749	619.144	82.885	619.187	09/24/12	0.0	0.18	0.0	0.0	0.0	0	8	0.75	0.0	0.0	0
649	1	99.0	619.144	130.136	619.187	09/30/12	0.0	0.15	0.0	0.0	0.0	0	8	0.75	0.0	0.0	0
650	1	144.751	619.069	178.519	619.106	---T---	0.0	0.06	0.0	0.0	0.0	92	7	0.0	0.0	0.0	0
651	1	272.613	619.144	301.525	619.187	$250.00	0.0	0.07	0.0	0.0	0.71	0	7	0.71428573	1.0	5.525453	0
652	1	45.0	632.644	65.896	632.687	KSAZ	0.0	0.09	0.0	0.0	0.0	618	4	0.0	0.0	0.0	0
653	1	71.249	632.644	102.385	632.687	09/21/12	0.0	0.07	0.0	0.0	0.0	0	8	0.75	0.0	0.0	0
654	1	113.25	632.644	144.386	632.687	09/21/12	0.0	0.06	0.0	0.0	0.0	0	8	0.75	0.0	0.0	0
655	1	155.251	632.644	169.467	632.687	M-F	0.0	0.06	0.0	0.0	0.0	47	3	0.0	0.0	0.0	0
656	1	171.691	632.644	201.043	632.687	430p-5p	0.0	0.07	0.0	0.0	0.0	72	7	0.5714286	0.0	0.0	0
657	1	260.252	632.644	289.604	632.687	430p-5p	0.0	0.08	0.0	0.0	0.0	72	7	0.5714286	0.0	0.0	0
658	1	386.371	632.644	397.491	632.687	:30	0.0	0.09	0.0	0.0	0.0	0	3	0.6666667	0.0	0.0	0
659	1	563.609	632.644	592.521	632.687	$650.00	0.0	0.24	0.0	0.0	0.71	0	7	0.71428573	1.0	6.4785094	0
660	1	45.0	644.644	72.56	644.687	Political	0.0	0.32	0.0	0.0	0.0	160	9	0.0	0.0	0.0	0
661	1	74.784	644.644	93.904	644.687	Issue	0.0	0.32	0.0	0.0	0.0	343	5	0.0	0.0	0.0	0
662	1	51.749	653.644	68.645	653.687	Start	0.0	0.32	0.0	0.0	0.0	26	5	0.0	0.0	0.0	0
663	1	70.869	653.644	87.765	653.687	Date	0.0	0.32	0.0	0.0	0.0	8	4	0.0	0.0	0.0	0
664	1	99.0	653.644	113.232	653.687	End	0.0	0.32	0.0	0.0	0.0	28	3	0.0	0.0	0.0	0
665	1	115.456	653.644	132.352	653.687	Date	0.0	0.31	0.0	0.0	0.0	8	4	0.0	0.0	0.0	0
666	1	144.751	653.644	182.095	653.687	Weekdays	0.0	0.31	0.0	0.0	0.0	42	8	0.0	0.0	0.0	0
667	1	204.749	653.644	247.877	653.687	Spots/Week	0.0	0.31	0.0	0.0	0.0	33	10	0.0	0.0	0.0	0
668	1	285.001	653.644	301.897	653.687	Rate	0.0	0.27	0.0	0.0	0.0	13	4	0.0	0.0	0.0	0
669	1	25.5	662.644	48.172	662.687	Week:	0.0	0.2	0.0	0.0	0.0	29	5	0.0	0.0	0.0	0
670	1	51.749	662.644	82.885	662.687	09/17/12	0.0	0.18	0.0	0.0	0.0	0	8	0.75	0.0	0.0	0
671	1	99.0	662.644	130.136	662.687	09/23/12	0.0	0.15	0.0	0.0	0.0	0	8	0.75	0.0	0.0	0
672	1	144.751	662.559	178.519	662.596	----F--	0.0	0.06	0.0	0.0	0.0	94	7	0.0	0.0	0.0	0
673	1	272.613	662.644	301.525	662.687	$650.00	0.0	0.07	0.0	0.0	0.71	0	7	0.71428573	1.0	6.4785094	0
674	1	45.0	676.144	65.896	676.187	KSAZ	0.0	0.09	0.0	0.0	0.0	618	4	0.0	0.0	0.0	0
675	1	71.249	676.144	102.385	676.187	09/24/12	0.0	0.07	0.0	0.0	0.0	0	8	0.75	0.0	0.0	0
676	1	113.25	676.144	144.386	676.187	09/24/12	0.0	0.06	0.0	0.0	0.0	0	8	0.75	0.0	0.0	0
677	1	155.251	676.144	169.467	676.187	M-F	0.0	0.06	0.0	0.0	0.0	47	3	0.0	0.0	0.0	0
678	1	171.691	676.144	201.043	676.187	430p-5p	0.0	0.07	0.0	0.0	0.0	72	7	0.5714286	0.0	0.0	0
679	1	260.252	676.144	289.604	676.187	430p-5p	0.0	0.08	0.0	0.0	0.0	72	7	0.5714286	0.0	0.0	0
680	1	386.371	676.144	397.491	676.187	:30	0.0	0.09	0.0	0.0	0.0	0	3	0.6666667	0.0	0.0	0
681	1	563.609	676.144	592.521	676.187	$650.00	0.0	0.24	0.0	0.0	0.71	0	7	0.71428573	1.0	6.4785094	0
682	1	45.0	688.144	72.56	688.187	Political	0.0	0.32	0.0	0.0	0.0	160	9	0.0	0.0	0.0	0
683	1	74.784	688.144	93.904	688.187	Issue	0.0	0.32	0.0	0.0	0.0	343	5	0.0	0.0	0.0	0
684	1	51.749	697.144	68.645	697.187	Start	0.0	0.32	0.0	0.0	0.0	26	5	0.0	0.0	0.0	0
685	1	70.869	697.144	87.765	697.187	Date	0.0	0.32	0.0	0.0	0.0	8	4	0.0	0.0	0.0	0
686	1	99.0	697.144	113.232	697.187	End	0.0	0.32	0.0	0.0	0.0	28	3	0.0	0.0	0.0	0
687	1	115.456	697.144	132.352	697.187	Date	0.0	0.31	0.0	0.0	0.0	8	4	0.0	0.0	0.0	0
688	1	144.751	697.144	182.095	697.187	Weekdays	0.0	0.31	0.0	0.0	0.0	42	8	0.0	0.0	0.0	0
689	1	204.749	697.144	247.877	697.187	Spots/Week	0.0	0.31	0.0	0.0	0.0	33	10	0.0	0.0	0.0	0
690	1	285.001	697.144	301.897	697.187	Rate	0.0	0.27	0.0	0.0	0.0	13	4	0.0	0.0	0.0	0
691	1	25.5	706.144	48.172	706.187	Week:	0.0	0.2	0.0	0.0	0.0	29	5	0.0	0.0	0.0	0
692	1	51.749	706.144	82.885	706.187	09/24/12	0.0	0.18	0.0	0.0	0.0	0	8	0.75	0.0	0.0	0
693	1	99.0	706.144	130.136	706.187	09/30/12	0.0	0.15	0.0	0.0	0.0	0	8	0.75	0.0	0.0	0
694	1	144.751	706.059	178.519	706.096	M------	0.0	0.06	0.0	0.0	0.0	60	7	0.0	0.0	0.0	0
695	1	272.613	706.144	301.525	706.187	$650.00	0.0	0.07	0.0	0.0	0.71	0	7	0.71428573	1.0	6.4785094	0
696	1	45.0	719.644	65.896	719.687	KSAZ	0.0	0.09	0.0	0.0	0.0	618	4	0.0	0.0	0.0	0
697	1	71.249	719.644	102.385	719.687	09/25/12	0.0	0.07	0.0	0.0	0.0	0	8	0.75	0.0	0.0	0
698	1	113.25	719.644	144.386	719.687	09/25/12	0.0	0.06	0.0	0.0	0.0	0	8	0.75	0.0	0.0	0
699	1	155.251	719.644	169.467	719.687	M-F	0.0	0.06	0.0	0.0	0.0	47	3	0.0	0.0	0.0	0
700	1	171.691	719.644	201.043	719.687	430p-5p	0.0	0.07	0.0	0.0	0.0	72	7	0.5714286	0.0	0.0	0
701	1	260.252	719.644	289.604	719.687	430p-5p	0.0	0.08	0.0	0.0	0.0	72	7	0.5714286	0.0	0.0	0
702	1	386.371	719.644	397.491	719.687	:30	0.0	0.09	0.0	0.0	0.0	0	3	0.6666667	0.0	0.0	0
703	1	563.609	719.644	592.521	719.687	$650.00	0.0	0.23	0.0	0.0	0.71	0	7	0.71428573	1.0	6.4785094	0
704	1	45.0	731.644	72.56	731.687	Political	0.0	0.3	0.0	0.0	0.0	160	9	0.0	0.0	0.0	0
705	1	74.784	731.644	93.904	731.687	Issue	0.0	0.3	0.0	0.0	0.0	343	5	0.0	0.0	0.0	0
706	1	213.517	750.934	228.637	750.977	Line	0.0	0.3	0.0	0.0	0.0	89	4	0.0	0.0	0.0	0
707	1	230.861	750.934	278.877	750.977	Transactions:	0.0	0.26	0.0	0.0	0.0	148	13	0.0	0.0	0.0	0
708	1	298.221	750.934	316.445	750.977	New,	0.0	0.24	0.0	0.0	0.0	46	4	0.0	0.0	0.0	0
709	1	333.125	750.934	358.029	750.977	Edited,	0.0	0.23	0.0	0.0	0.0	149	7	0.0	0.0	0.0	0
710	1	375.149	750.934	405.381	750.977	Deleted)	0.0	0.29	0.0	0.0	0.0	147	8	0.0	0.0	0.0	0
711	1	21.45	758.501	64.134	758.534	Notwithstanding	0.0	0.33	0.0	0.0	0.0	180	15	0.0	0.0	0.0	0
712	1	72.474	758.501	88.476	758.534	whom	0.0	0.33	0.0	0.0	0.0	184	4	0.0	0.0	0.0	0
713	1	90.144	758.501	100.476	758.534	bills	0.0	0.33	0.0	0.0	0.0	186	5	0.0	0.0	0.0	0
714	1	102.144	758.501	110.814	758.534	are	0.0	0.31	0.0	0.0	0.0	127	3	0.0	0.0	0.0	0
715	1	112.482	758.501	138.162	758.534	rendered,	0.0	0.31	0.0	0.0	0.0	185	9	0.0	0.0	0.0	0
716	1	139.83	758.501	167.838	758.534	advertiser,	0.0	0.26	0.0	0.0	0.0	6	11	0.0	0.0	0.0	0
717	1	169.506	758.501	188.85	758.534	agency	0.0	0.26	0.0	0.0	0.0	2	6	0.0	0.0	0.0	0
718	1	190.518	758.501	200.526	758.534	and	0.0	0.26	0.0	0.0	0.0	77	3	0.0	0.0	0.0	0
719	1	202.194	758.501	222.864	758.534	service,	0.0	0.26	0.0	0.0	0.0	169	8	0.0	0.0	0.0	0
720	1	224.532	758.501	239.868	758.534	jointly	0.0	0.28	0.0	0.0	0.0	155	7	0.0	0.0	0.0	0
721	1	241.536	758.501	251.544	758.534	and	0.0	0.28	0.0	0.0	0.0	77	3	0.0	0.0	0.0	0
722	1	253.212	758.501	278.55	758.534	severally,	0.0	0.31	0.0	0.0	0.0	151	10	0.0	0.0	0.0	0
723	1	280.218	758.501	292.554	758.534	shall	0.0	0.33	0.0	0.0	0.0	137	5	0.0	0.0	0.0	0
724	1	294.222	758.501	312.558	758.534	remain	0.0	0.33	0.0	0.0	0.0	179	6	0.0	0.0	0.0	0
725	1	314.226	758.501	338.574	758.534	obligated	0.0	0.33	0.0	0.0	0.0	181	9	0.0	0.0	0.0	0
726	1	346.914	758.501	356.586	758.534	pay	0.0	0.27	0.0	0.0	0.0	178	3	0.0	0.0	0.0	0
727	1	364.926	758.501	382.602	758.534	station	0.0	0.32	0.0	0.0	0.0	57	7	0.0	0.0	0.0	0
728	1	384.27	758.501	392.61	758.534	the	0.0	0.32	0.0	0.0	0.0	44	3	0.0	0.0	0.0	0
729	1	394.278	758.501	414.288	758.534	amount	0.0	0.32	0.0	0.0	0.0	25	6	0.0	0.0	0.0	0
730	1	422.628	758.501	432.3	758.534	any	0.0	0.29	0.0	0.0	0.0	126	3	0.0	0.0	0.0	0
731	1	433.968	758.501	444.3	758.534	bills	0.0	0.29	0.0	0.0	0.0	186	5	0.0	0.0	0.0	0
732	1	445.968	758.501	469.98	758.534	rendered	0.0	0.29	0.0	0.0	0.0	185	8	0.0	0.0	0.0	0
733	1	479.652	758.501	497.328	758.534	station	0.0	0.33	0.0	0.0	0.0	57	7	0.0	0.0	0.0	0
734	1	498.996	758.501	514.332	758.534	within	0.0	0.33	0.0	0.0	0.0	167	6	0.0	0.0	0.0	0
735	1	516.0	758.501	524.34	758.534	the	0.0	0.33	0.0	0.0	0.0	44	3	0.0	0.0	0.0	0
736	1	526.008	758.501	537.342	758.534	time	0.0	0.33	0.0	0.0	0.0	22	4	0.0	0.0	0.0	0
737	1	539.01	758.501	562.686	758.534	specified	0.0	0.33	0.0	0.0	0.0	153	9	0.0	0.0	0.0	0
738	1	564.354	758.501	574.362	758.534	and	0.0	0.33	0.0	0.0	0.0	77	3	0.0	0.0	0.0	0
739	1	576.03	758.501	587.034	758.534	until	0.0	0.33	0.0	0.0	0.0	177	5	0.0	0.0	0.0	0
740	1	29.31	765.581	52.32	765.614	payment	0.0	0.29	0.0	0.0	0.0	118	7	0.0	0.0	0.0	0
741	1	60.324	765.581	67.992	765.614	full	0.0	0.29	0.0	0.0	0.0	176	4	0.0	0.0	0.0	0
742	1	75.66	765.581	98.334	765.614	received	0.0	0.28	0.0	0.0	0.0	164	8	0.0	0.0	0.0	0
743	1	108.006	765.581	127.35	765.614	station.	0.0	0.33	0.0	0.0	0.0	57	8	0.0	0.0	0.0	0
744	1	130.686	765.581	154.362	765.614	Payment	0.0	0.33	0.0	0.0	0.0	118	7	0.0	0.0	0.0	0
745	1	164.034	765.581	190.374	765.614	advertiser	0.0	0.33	0.0	0.0	0.0	6	10	0.0	0.0	0.0	0
746	1	198.714	765.581	218.058	765.614	agency	0.0	0.33	0.0	0.0	0.0	2	6	0.0	0.0	0.0	0
747	1	233.4	765.581	252.402	765.614	service	0.0	0.28	0.0	0.0	0.0	169	7	0.0	0.0	0.0	0
748	1	261.072	765.581	284.082	765.614	payment	0.0	0.28	0.0	0.0	0.0	118	7	0.0	0.0	0.0	0
749	1	293.754	765.581	313.098	765.614	agency	0.0	0.25	0.0	0.0	0.0	2	6	0.0	0.0	0.0	0
750	1	321.438	765.581	342.108	765.614	service,	0.0	0.39	0.0	0.0	0.0	169	8	0.0	0.0	0.0	0
751	1	343.776	765.581	356.112	765.614	shall	0.0	0.41	0.0	0.0	0.0	137	5	0.0	0.0	0.0	0
752	1	357.78	765.581	366.12	765.614	not	0.0	0.41	0.0	0.0	0.0	117	3	0.0	0.0	0.0	0
753	1	367.788	765.581	393.468	765.614	constitute	0.0	0.41	0.0	0.0	0.0	156	10	0.0	0.0	0.0	0
754	1	395.136	765.581	418.146	765.614	payment	0.0	0.4	0.0	0.0	0.0	118	7	0.0	0.0	0.0	0
755	1	426.486	765.581	445.83	765.614	station.	0.0	0.39	0.0	0.0	0.0	57	8	0.0	0.0	0.0	0
756	1	449.166	765.581	467.844	765.614	Station	0.0	0.39	0.0	0.0	0.0	57	7	0.0	0.0	0.0	0
757	1	469.512	765.581	477.84	765.614	will	0.0	0.39	0.0	0.0	0.0	174	4	0.0	0.0	0.0	0
758	1	479.508	765.581	487.848	765.614	not	0.0	0.39	0.0	0.0	0.0	117	3	0.0	0.0	0.0	0
759	1	497.856	765.581	514.536	765.614	bound	0.0	0.31	0.0	0.0	0.0	202	5	0.0	0.0	0.0	0
760	1	524.208	765.581	552.888	765.614	conditions.	0.0	0.34	0.0	0.0	0.0	125	11	0.0	0.0	0.0	0
761	1	554.556	765.581	572.898	765.614	printed	0.0	0.34	0.0	0.0	0.0	159	7	0.0	0.0	0.0	0
762	1	21.57	772.661	47.244	772.694	otherwise	0.0	0.32	0.0	0.0	0.0	146	9	0.0	0.0	0.0	0
763	1	48.912	772.661	74.922	772.694	contracts,	0.0	0.3	0.0	0.0	0.0	130	10	0.0	0.0	0.0	0
764	1	76.59	772.661	99.264	772.694	insertion	0.0	0.39	0.0	0.0	0.0	208	9	0.0	0.0	0.0	0
765	1	100.932	772.661	119.604	772.694	orders,	0.0	0.39	0.0	0.0	0.0	54	7	0.0	0.0	0.0	0
766	1	121.272	772.661	133.944	772.694	copy	0.0	0.39	0.0	0.0	0.0	206	4	0.0	0.0	0.0	0
767	1	135.612	772.661	165.954	772.694	instructions	0.0	0.48	0.0	0.0	0.0	172	12	0.0	0.0	0.0	0
768	1	174.624	772.661	184.296	772.694	any	0.0	0.48	0.0	0.0	0.0	126	3	0.0	0.0	0.0	0
769	1	185.964	772.661	228.984	772.694	correspondence	0.0	0.48	0.0	0.0	0.0	183	14	0.0	0.0	0.0	0
770	1	230.652	772.661	244.992	772.694	when	0.0	0.44	0.0	0.0	0.0	204	4	0.0	0.0	0.0	0
771	1	246.66	772.661	259.332	772.694	such	0.0	0.37	0.0	0.0	0.0	168	4	0.0	0.0	0.0	0
772	1	261.0	772.661	279.672	772.694	conflict	0.0	0.33	0.0	0.0	0.0	207	8	0.0	0.0	0.0	0
773	1	281.34	772.661	292.008	772.694	with	0.0	0.33	0.0	0.0	0.0	101	4	0.0	0.0	0.0	0
774	1	293.676	772.661	302.016	772.694	the	0.0	0.33	0.0	0.0	0.0	44	3	0.0	0.0	0.0	0
775	1	303.684	772.661	320.028	772.694	above	0.0	0.33	0.0	0.0	0.0	135	5	0.0	0.0	0.0	0
776	1	321.696	772.661	336.696	772.694	terms	0.0	0.2	0.0	0.0	0.0	100	5	0.0	0.0	0.0	0
777	1	338.364	772.661	348.372	772.694	and	0.0	0.26	0.0	0.0	0.0	77	3	0.0	0.0	0.0	0
778	1	350.04	772.661	378.72	772.694	conditions.	0.0	0.31	0.0	0.0	0.0	125	11	0.0	0.0	0.0	0
779	1	382.056	772.661	393.39	772.694	Two	0.0	0.31	0.0	0.0	0.0	269	3	0.0	0.0	0.0	0
780	1	395.058	772.661	409.062	772.694	week	0.0	0.31	0.0	0.0	0.0	29	4	0.0	0.0	0.0	0
781	1	410.73	772.661	433.41	772.694	advance	0.0	0.31	0.0	0.0	0.0	209	7	0.0	0.0	0.0	0
782	1	435.078	772.661	466.758	772.694	cancellation	0.0	0.35	0.0	0.0	0.0	230	12	0.0	0.0	0.0	0
783	1	468.426	772.661	484.434	772.694	notice	0.0	0.35	0.0	0.0	0.0	196	6	0.0	0.0	0.0	0
784	1	492.102	772.661	514.11	772.694	required	0.0	0.35	0.0	0.0	0.0	222	8	0.0	0.0	0.0	0
785	1	515.778	772.661	533.118	772.694	unless	0.0	0.36	0.0	0.0	0.0	205	6	0.0	0.0	0.0	0
786	1	534.786	772.661	560.46	772.694	otherwise	0.0	0.36	0.0	0.0	0.0	146	9	0.0	0.0	0.0	0
787	1	562.128	772.661	587.472	772.694	specified.	0.0	0.36	0.0	0.0	0.0	153	10	0.0	0.0	0.0	0
788	2	18.0	25.174	48.232	25.217	Contract	0.0	0.36	0.0	0.0	0.0	53	8	0.0	0.0	0.0	0
789	2	50.456	25.174	89.584	25.217	Agreement	0.0	0.35	0.0	0.0	0.0	115	9	0.0	0.0	0.0	0
790	2	91.808	25.174	125.16	25.217	Between:	0.0	0.35	0.0	0.0	0.0	120	8	0.0	0.0	0.0	0
791	2	433.023	25.174	449.471	25.217	Print	0.0	0.31	0.0	0.0	0.0	37	5	0.0	0.0	0.0	0
792	2	451.695	25.174	468.591	25.217	Date	0.0	0.27	0.0	0.0	0.0	8	4	0.0	0.0	0.0	0
793	2	474.001	25.174	505.137	25.217	09/20/12	0.0	0.16	0.0	0.0	0.0	0	8	0.75	0.0	0.0	0
794	2	533.251	25.174	551.931	25.217	Page	0.0	0.16	0.0	0.0	0.0	7	4	0.0	0.0	0.0	0
795	2	406.681	55.174	436.913	55.217	Contract	0.0	0.4	0.0	0.0	0.0	53	8	0.0	0.0	0.0	0
796	2	443.585	55.174	474.257	55.217	Revision	0.0	0.4	0.0	0.0	0.0	75	8	0.0	0.0	0.0	0
797	2	495.842	55.174	505.178	55.217	Alt	0.0	0.4	0.0	0.0	0.0	31	3	0.0	0.0	0.0	0
798	2	507.402	55.174	527.85	55.217	Order	0.0	0.39	0.0	0.0	0.0	9	5	0.0	0.0	0.0	0
799	2	119.999	60.957	147.219	61.012	KSAZ	0.0	0.2	0.0	0.0	0.0	618	4	0.0	0.0	0.0	0
800	2	414.781	67.174	445.917	67.217	4073432	0.0	0.23	0.0	0.0	0.44	0	7	1.0	1.0	15.219996	0
801	2	495.842	67.174	523.402	67.217	Political	0.0	0.26	0.0	0.0	0.0	160	9	0.0	0.0	0.0	0
802	2	525.626	67.174	544.746	67.217	Issue	0.0	0.26	0.0	0.0	0.0	343	5	0.0	0.0	0.0	0
803	2	119.999	72.957	136.679	73.012	511	0.0	0.25	0.0	0.0	0.57	0	3	1.0	1.0	6.2383246	0
804	2	154.459	72.957	187.799	73.012	Adams	0.0	0.24	0.0	0.0	0.0	1426	5	0.0	0.0	0.0	0
805	2	190.579	72.957	218.919	73.012	Street	0.0	0.24	0.0	0.0	0.0	162	6	0.0	0.0	0.0	0
806	2	119.999	84.957	161.679	85.012	Phoenix,	0.0	0.29	0.0	0.0	0.0	1269	8	0.0	0.0	0.0	0
807	2	183.349	84.957	211.149	85.012	85003	0.0	0.29	0.0	0.0	0.75	0	5	1.0	1.0	11.350453	0
808	2	309.002	85.174	339.234	85.217	Contract	0.0	0.32	0.0	0.0	0.0	53	8	0.0	0.0	0.0	0
809	2	341.458	85.174	362.354	85.217	Dates	0.0	0.32	0.0	0.0	0.0	18	5	0.0	0.0	0.0	0
810	2	405.751	85.174	433.319	85.217	Product	0.0	0.32	0.0	0.0	0.0	5	7	0.0	0.0	0.0	0
811	2	495.0	85.174	526.12	85.217	Estimate	0.0	0.32	0.0	0.0	0.0	23	8	0.0	0.0	0.0	0
812	2	119.999	96.957	143.339	97.012	(602)	0.0	0.11	0.0	0.0	0.0	0	5	0.6	0.0	0.0	0
813	2	146.119	96.957	188.369	97.012	257-1234	0.0	0.1	0.0	0.0	0.0	0	8	0.875	0.0	0.0	0
814	2	309.002	97.414	340.138	97.458	09/21/12	0.0	0.13	0.0	0.0	0.0	0	8	0.75	0.0	0.0	0
815	2	347.25	97.414	378.386	97.458	09/27/12	0.0	0.15	0.0	0.0	0.0	0	8	0.75	0.0	0.0	0
816	2	406.681	97.174	429.785	97.217	NRCC	0.0	0.18	0.0	0.0	0.0	1107	4	0.0	0.0	0.0	0
817	2	441.793	97.174	484.033	97.217	2012-SKED	0.0	0.15	0.0	0.0	0.0	699	9	0.44444445	0.0	0.0	0
818	2	495.842	97.414	513.634	97.458	3215	0.0	0.3	0.0	0.0	0.53	0	4	1.0	1.0	8.075893	0
819	2	309.002	115.174	345.01	115.217	Advertiser	0.0	0.32	0.0	0.0	0.0	6	10	0.0	0.0	0.0	0
820	2	475.501	115.174	503.061	115.217	Original	0.0	0.36	0.0	0.0	0.0	39	8	0.0	0.0	0.0	0
821	2	505.285	115.174	522.181	115.217	Date	0.0	0.36	0.0	0.0	0.0	8	4	0.0	0.0	0.0	0
822	2	528.853	115.174	559.525	115.217	Revision	0.0	0.36	0.0	0.0	0.0	75	8	0.0	0.0	0.0	0
823	2	309.002	128.914	332.106	128.958	NRCC	0.0	0.35	0.0	0.0	0.0	1107	4	0.0	0.0	0.0	0
824	2	483.54	127.174	514.676	127.217	09/19/12	0.0	0.27	0.0	0.0	0.0	0	8	0.75	0.0	0.0	0
825	2	536.416	127.174	567.552	127.217	09/20/12	0.0	0.17	0.0	0.0	0.0	0	8	0.75	0.0	0.0	0
826	2	401.25	151.261	426.765	151.309	Spots/	0.0	0.24	0.0	0.0	0.0	4	6	0.0	0.0	0.0	0
827	2	20.251	162.511	41.759	163.401	*Line	0.0	0.31	0.0	0.0	0.0	89	5	0.0	0.0	0.0	0
828	2	69.749	162.511	88.757	162.559	Start	0.0	0.31	0.0	0.0	0.0	26	5	0.0	0.0	0.0	0
829	2	91.259	162.511	128.512	162.559	DateEnd	0.0	0.31	0.0	0.0	0.0	144	7	0.0	0.0	0.0	0
830	2	131.014	162.511	150.022	162.559	Date	0.0	0.29	0.0	0.0	0.0	8	4	0.0	0.0	0.0	0
831	2	155.251	162.511	200.26	162.559	Description	0.0	0.29	0.0	0.0	0.0	62	11	0.0	0.0	0.0	0
832	2	260.252	162.511	297.773	162.559	Start/End	0.0	0.29	0.0	0.0	0.0	35	9	0.0	0.0	0.0	0
833	2	300.275	162.511	320.273	162.559	Time	0.0	0.34	0.0	0.0	0.0	22	4	0.0	0.0	0.0	0
834	2	333.751	162.511	354.253	162.559	Days	0.0	0.34	0.0	0.0	0.0	38	4	0.0	0.0	0.0	0
835	2	369.0	162.511	396.522	162.559	Length	0.0	0.34	0.0	0.0	0.0	56	6	0.0	0.0	0.0	0
836	2	401.25	162.511	424.254	162.559	Week	0.0	0.34	0.0	0.0	0.0	29	4	0.0	0.0	0.0	0
837	2	444.75	162.511	463.758	162.559	Rate	0.0	0.34	0.0	0.0	0.0	13	4	0.0	0.0	0.0	0
838	2	489.002	162.511	533.014	162.559	TypeSpots	0.0	0.34	0.0	0.0	0.0	158	9	0.0	0.0	0.0	0
839	2	558.751	162.511	589.765	162.559	Amount	0.0	0.34	0.0	0.0	0.0	25	6	0.0	0.0	0.0	0
840	2	51.749	175.174	68.645	175.217	Start	0.0	0.34	0.0	0.0	0.0	26	5	0.0	0.0	0.0	0
841	2	70.869	175.174	87.765	175.217	Date	0.0	0.24	0.0	0.0	0.0	8	4	0.0	0.0	0.0	0
842	2	99.0	175.174	113.232	175.217	End	0.0	0.31	0.0	0.0	0.0	28	3	0.0	0.0	0.0	0
843	2	115.456	175.174	132.352	175.217	Date	0.0	0.31	0.0	0.0	0.0	8	4	0.0	0.0	0.0	0
844	2	144.751	175.174	182.095	175.217	Weekdays	0.0	0.31	0.0	0.0	0.0	42	8	0.0	0.0	0.0	0
845	2	204.749	175.174	247.877	175.217	Spots/Week	0.0	0.31	0.0	0.0	0.0	33	10	0.0	0.0	0.0	0
846	2	285.001	175.174	301.897	175.217	Rate	0.0	0.27	0.0	0.0	0.0	13	4	0.0	0.0	0.0	0
847	2	25.5	184.174	48.172	184.217	Week:	0.0	0.2	0.0	0.0	0.0	29	5	0.0	0.0	0.0	0
848	2	51.749	184.174	82.885	184.217	09/24/12	0.0	0.18	0.0	0.0	0.0	0	8	0.75	0.0	0.0	0
849	2	99.0	184.174	130.136	184.217	09/30/12	0.0	0.15	0.0	0.0	0.0	0	8	0.75	0.0	0.0	0
850	2	144.751	184.089	178.519	184.126	-T-----	0.0	0.06	0.0	0.0	0.0	92	7	0.0	0.0	0.0	0
851	2	272.613	184.174	301.525	184.217	$650.00	0.0	0.07	0.0	0.0	0.71	0	7	0.71428573	1.0	6.4785094	0
852	2	45.0	197.674	65.896	197.717	KSAZ	0.0	0.09	0.0	0.0	0.0	618	4	0.0	0.0	0.0	0
853	2	71.249	197.674	102.385	197.717	09/26/12	0.0	0.07	0.0	0.0	0.0	0	8	0.75	0.0	0.0	0
854	2	113.25	197.674	144.386	197.717	09/26/12	0.0	0.06	0.0	0.0	0.0	0	8	0.75	0.0	0.0	0
855	2	155.251	197.674	169.467	197.717	M-F	0.0	0.06	0.0	0.0	0.0	47	3	0.0	0.0	0.0	0
856	2	171.691	197.674	201.043	197.717	430p-5p	0.0	0.07	0.0	0.0	0.0	72	7	0.5714286	0.0	0.0	0
857	2	260.252	197.674	289.604	197.717	430p-5p	0.0	0.08	0.0	0.0	0.0	72	7	0.5714286	0.0	0.0	0
858	2	386.371	197.674	397.491	197.717	:30	0.0	0.09	0.0	0.0	0.0	0	3	0.6666667	0.0	0.0	0
859	2	563.609	197.674	592.521	197.717	$650.00	0.0	0.24	0.0	0.0	0.71	0	7	0.71428573	1.0	6.4785094	0
860	2	45.0	209.674	72.56	209.717	Political	0.0	0.32	0.0	0.0	0.0	160	9	0.0	0.0	0.0	0
861	2	74.784	209.674	93.904	209.717	Issue	0.0	0.32	0.0	0.0	0.0	343	5	0.0	0.0	0.0	0
862	2	51.749	218.674	68.645	218.717	Start	0.0	0.32	0.0	0.0	0.0	26	5	0.0	0.0	0.0	0
863	2	70.869	218.674	87.765	218.717	Date	0.0	0.32	0.0	0.0	0.0	8	4	0.0	0.0	0.0	0
864	2	99.0	218.674	113.232	218.717	End	0.0	0.32	0.0	0.0	0.0	28	3	0.0	0.0	0.0	0
865	2	115.456	218.674	132.352	218.717	Date	0.0	0.31	0.0	0.0	0.0	8	4	0.0	0.0	0.0	0
866	2	144.751	218.674	182.095	218.717	Weekdays	0.0	0.31	0.0	0.0	0.0	42	8	0.0	0.0	0.0	0
867	2	204.749	218.674	247.877	218.717	Spots/Week	0.0	0.31	0.0	0.0	0.0	33	10	0.0	0.0	0.0	0
868	2	285.001	218.674	301.897	218.717	Rate	0.0	0.27	0.0	0.0	0.0	13	4	0.0	0.0	0.0	0
869	2	25.5	227.674	48.172	227.717	Week:	0.0	0.2	0.0	0.0	0.0	29	5	0.0	0.0	0.0	0
870	2	51.749	227.674	82.885	227.717	09/24/12	0.0	0.18	0.0	0.0	0.0	0	8	0.75	0.0	0.0	0
871	2	99.0	227.674	130.136	227.717	09/30/12	0.0	0.15	0.0	0.0	0.0	0	8	0.75	0.0	0.0	0
872	2	144.751	227.589	178.519	227.626	--W----	0.0	0.06	0.0	0.0	0.0	105	7	0.0	0.0	0.0	0
873	2	272.613	227.674	301.525	227.717	$650.00	0.0	0.07	0.0	0.0	0.71	0	7	0.71428573	1.0	6.4785094	0
874	2	45.0	241.164	65.896	241.207	KSAZ	0.0	0.09	0.0	0.0	0.0	618	4	0.0	0.0	0.0	0
875	2	71.249	241.164	102.385	241.207	09/27/12	0.0	0.07	0.0	0.0	0.0	0	8	0.75	0.0	0.0	0
876	2	113.25	241.164	144.386	241.207	09/27/12	0.0	0.06	0.0	0.0	0.0	0	8	0.75	0.0	0.0	0
877	2	155.251	241.164	169.467	241.207	M-F	0.0	0.06	0.0	0.0	0.0	47	3	0.0	0.0	0.0	0
878	2	171.691	241.164	201.043	241.207	430p-5p	0.0	0.07	0.0	0.0	0.0	72	7	0.5714286	0.0	0.0	0
879	2	260.252	241.164	289.604	241.207	430p-5p	0.0	0.08	0.0	0.0	0.0	72	7	0.5714286	0.0	0.0	0
880	2	386.371	241.164	397.491	241.207	:30	0.0	0.09	0.0	0.0	0.0	0	3	0.6666667	0.0	0.0	0
881	2	563.609	241.164	592.521	241.207	$650.00	0.0	0.24	0.0	0.0	0.71	0	7	0.71428573	1.0	6.4785094	0
882	2	45.0	253.164	72.56	253.207	Political	0.0	0.32	0.0	0.0	0.0	160	9	0.0	0.0	0.0	0
883	2	74.784	253.164	93.904	253.207	Issue	0.0	0.32	0.0	0.0	0.0	343	5	0.0	0.0	0.0	0
884	2	51.749	262.164	68.645	262.207	Start	0.0	0.32	0.0	0.0	0.0	26	5	0.0	0.0	0.0	0
885	2	70.869	262.164	87.765	262.207	Date	0.0	0.32	0.0	0.0	0.0	8	4	0.0	0.0	0.0	0
886	2	99.0	262.164	113.232	262.207	End	0.0	0.32	0.0	0.0	0.0	28	3	0.0	0.0	0.0	0
887	2	115.456	262.164	132.352	262.207	Date	0.0	0.31	0.0	0.0	0.0	8	4	0.0	0.0	0.0	0
888	2	144.751	262.164	182.095	262.207	Weekdays	0.0	0.31	0.0	0.0	0.0	42	8	0.0	0.0	0.0	0
889	2	204.749	262.164	247.877	262.207	Spots/Week	0.0	0.31	0.0	0.0	0.0	33	10	0.0	0.0	0.0	0
890	2	285.001	262.164	301.897	262.207	Rate	0.0	0.27	0.0	0.0	0.0	13	4	0.0	0.0	0.0	0
891	2	25.5	271.164	48.172	271.207	Week:	0.0	0.2	0.0	0.0	0.0	29	5	0.0	0.0	0.0	0
892	2	51.749	271.164	82.885	271.207	09/24/12	0.0	0.18	0.0	0.0	0.0	0	8	0.75	0.0	0.0	0
893	2	99.0	271.164	130.136	271.207	09/30/12	0.0	0.15	0.0	0.0	0.0	0	8	0.75	0.0	0.0	0
894	2	144.751	271.079	178.519	271.116	---T---	0.0	0.06	0.0	0.0	0.0	92	7	0.0	0.0	0.0	0
895	2	272.613	271.164	301.525	271.207	$650.00	0.0	0.07	0.0	0.0	0.71	0	7	0.71428573	1.0	6.4785094	0
896	2	45.0	284.664	65.896	284.707	KSAZ	0.0	0.09	0.0	0.0	0.0	618	4	0.0	0.0	0.0	0
897	2	71.249	284.664	102.385	284.707	09/21/12	0.0	0.07	0.0	0.0	0.0	0	8	0.75	0.0	0.0	0
898	2	113.25	284.664	144.386	284.707	09/21/12	0.0	0.1	0.0	0.0	0.0	0	8	0.75	0.0	0.0	0
899	2	155.251	284.664	169.467	284.707	M-F	0.0	0.11	0.0	0.0	0.0	47	3	0.0	0.0	0.0	0
900	2	171.691	284.664	201.043	284.707	5p-530p	0.0	0.12	0.0	0.0	0.0	72	7	0.5714286	0.0	0.0	0
901	2	203.267	284.664	223.267	284.707	News	0.0	0.14	0.0	0.0	0.0	17	4	0.0	0.0	0.0	0
902	2	260.252	284.664	289.604	284.707	5p-530p	0.0	0.12	0.0	0.0	0.0	72	7	0.5714286	0.0	0.0	0
903	2	386.371	284.664	397.491	284.707	:30	0.0	0.11	0.0	0.0	0.0	0	3	0.6666667	0.0	0.0	0
904	2	563.609	284.664	592.521	284.707	$900.00	0.0	0.24	0.0	0.0	0.71	0	7	0.71428573	1.0	6.8035054	0
905	2	45.0	296.664	72.56	296.707	Political	0.0	0.32	0.0	0.0	0.0	160	9	0.0	0.0	0.0	0
906	2	74.784	296.664	93.904	296.707	Issue	0.0	0.32	0.0	0.0	0.0	343	5	0.0	0.0	0.0	0
907	2	51.749	305.664	68.645	305.707	Start	0.0	0.32	0.0	0.0	0.0	26	5	0.0	0.0	0.0	0
908	2	70.869	305.664	87.765	305.707	Date	0.0	0.32	0.0	0.0	0.0	8	4	0.0	0.0	0.0	0
909	2	99.0	305.664	113.232	305.707	End	0.0	0.32	0.0	0.0	0.0	28	3	0.0	0.0	0.0	0
910	2	115.456	305.664	132.352	305.707	Date	0.0	0.31	0.0	0.0	0.0	8	4	0.0	0.0	0.0	0
911	2	144.751	305.664	182.095	305.707	Weekdays	0.0	0.31	0.0	0.0	0.0	42	8	0.0	0.0	0.0	0
912	2	204.749	305.664	247.877	305.707	Spots/Week	0.0	0.31	0.0	0.0	0.0	33	10	0.0	0.0	0.0	0
913	2	285.001	305.664	301.897	305.707	Rate	0.0	0.27	0.0	0.0	0.0	13	4	0.0	0.0	0.0	0
914	2	25.5	314.664	48.172	314.707	Week:	0.0	0.2	0.0	0.0	0.0	29	5	0.0	0.0	0.0	0
915	2	51.749	314.664	82.885	314.707	09/17/12	0.0	0.18	0.0	0.0	0.0	0	8	0.75	0.0	0.0	0
916	2	99.0	314.664	130.136	314.707	09/23/12	0.0	0.15	0.0	0.0	0.0	0	8	0.75	0.0	0.0	0
917	2	144.751	314.579	178.519	314.616	----F--	0.0	0.06	0.0	0.0	0.0	94	7	0.0	0.0	0.0	0
918	2	272.613	314.664	301.525	314.707	$900.00	0.0	0.07	0.0	0.0	0.71	0	7	0.71428573	1.0	6.8035054	0
919	2	45.0	328.164	65.896	328.207	KSAZ	0.0	0.09	0.0	0.0	0.0	618	4	0.0	0.0	0.0	0
920	2	71.249	328.164	102.385	328.207	09/24/12	0.0	0.07	0.0	0.0	0.0	0	8	0.75	0.0	0.0	0
921	2	113.25	328.164	144.386	328.207	09/24/12	0.0	0.1	0.0	0.0	0.0	0	8	0.75	0.0	0.0	0
922	2	155.251	328.164	169.467	328.207	M-F	0.0	0.11	0.0	0.0	0.0	47	3	0.0	0.0	0.0	0
923	2	171.691	328.164	201.043	328.207	5p-530p	0.0	0.12	0.0	0.0	0.0	72	7	0.5714286	0.0	0.0	0
924	2	203.267	328.164	223.267	328.207	News	0.0	0.14	0.0	0.0	0.0	17	4	0.0	0.0	0.0	0
925	2	260.252	328.164	289.604	328.207	5p-530p	0.0	0.12	0.0	0.0	0.0	72	7	0.5714286	0.0	0.0	0
926	2	386.371	328.164	397.491	328.207	:30	0.0	0.11	0.0	0.0	0.0	0	3	0.6666667	0.0	0.0	0
927	2	563.609	328.164	592.521	328.207	$900.00	0.0	0.24	0.0	0.0	0.71	0	7	0.71428573	1.0	6.8035054	0
928	2	45.0	340.164	72.56	340.207	Political	0.0	0.32	0.0	0.0	0.0	160	9	0.0	0.0	0.0	0
929	2	74.784	340.164	93.904	340.207	Issue	0.0	0.32	0.0	0.0	0.0	343	5	0.0	0.0	0.0	0
930	2	51.749	349.164	68.645	349.207	Start	0.0	0.32	0.0	0.0	0.0	26	5	0.0	0.0	0.0	0
931	2	70.869	349.164	87.765	349.207	Date	0.0	0.32	0.0	0.0	0.0	8	4	0.0	0.0	0.0	0
932	2	99.0	349.164	113.232	349.207	End	0.0	0.32	0.0	0.0	0.0	28	3	0.0	0.0	0.0	0
933	2	115.456	349.164	132.352	349.207	Date	0.0	0.31	0.0	0.0	0.0	8	4	0.0	0.0	0.0	0
934	2	144.751	349.164	182.095	349.207	Weekdays	0.0	0.31	0.0	0.0	0.0	42	8	0.0	0.0	0.0	0
935	2	204.749	349.164	247.877	349.207	Spots/Week	0.0	0.31	0.0	0.0	0.0	33	10	0.0	0.0	0.0	0
936	2	285.001	349.164	301.897	349.207	Rate	0.0	0.27	0.0	0.0	0.0	13	4	0.0	0.0	0.0	0
937	2	25.5	358.164	48.172	358.207	Week:	0.0	0.2	0.0	0.0	0.0	29	5	0.0	0.0	0.0	0
938	2	51.749	358.164	82.885	358.207	09/24/12	0.0	0.18	0.0	0.0	0.0	0	8	0.75	0.0	0.0	0
939	2	99.0	358.164	130.136	358.207	09/30/12	0.0	0.15	0.0	0.0	0.0	0	8	0.75	0.0	0.0	0
940	2	144.751	358.079	178.519	358.116	M------	0.0	0.06	0.0	0.0	0.0	60	7	0.0	0.0	0.0	0
941	2	272.613	358.164	301.525	358.207	$900.00	0.0	0.07	0.0	0.0	0.71	0	7	0.71428573	1.0	6.8035054	0
942	2	45.0	371.664	65.896	371.707	KSAZ	0.0	0.09	0.0	0.0	0.0	618	4	0.0	0.0	0.0	0
943	2	71.249	371.664	102.385	371.707	09/25/12	0.0	0.07	0.0	0.0	0.0	0	8	0.75	0.0	0.0	0
944	2	113.25	371.664	144.386	371.707	09/25/12	0.0	0.1	0.0	0.0	0.0	0	8	0.75	0.0	0.0	0
945	2	155.251	371.664	169.467	371.707	M-F	0.0	0.11	0.0	0.0	0.0	47	3	0.0	0.0	0.0	0
946	2	171.691	371.664	201.043	371.707	5p-530p	0.0	0.12	0.0	0.0	0.0	72	7	0.5714286	0.0	0.0	0
947	2	203.267	371.664	223.267	371.707	News	0.0	0.14	0.0	0.0	0.0	17	4	0.0	0.0	0.0	0
948	2	260.252	371.664	289.604	371.707	5p-530p	0.0	0.12	0.0	0.0	0.0	72	7	0.5714286	0.0	0.0	0
949	2	386.371	371.664	397.491	371.707	:30	0.0	0.11	0.0	0.0	0.0	0	3	0.6666667	0.0	0.0	0
950	2	563.609	371.664	592.521	371.707	$900.00	0.0	0.24	0.0	0.0	0.71	0	7	0.71428573	1.0	6.8035054	0
951	2	45.0	383.664	72.56	383.707	Political	0.0	0.32	0.0	0.0	0.0	160	9	0.0	0.0	0.0	0
952	2	74.784	383.664	93.904	383.707	Issue	0.0	0.32	0.0	0.0	0.0	343	5	0.0	0.0	0.0	0
953	2	51.749	392.664	68.645	392.707	Start	0.0	0.32	0.0	0.0	0.0	26	5	0.0	0.0	0.0	0
954	2	70.869	392.664	87.765	392.707	Date	0.0	0.32	0.0	0.0	0.0	8	4	0.0	0.0	0.0	0
955	2	99.0	392.664	113.232	392.707	End	0.0	0.32	0.0	0.0	0.0	28	3	0.0	0.0	0.0	0
956	2	115.456	392.664	132.352	392.707	Date	0.0	0.31	0.0	0.0	0.0	8	4	0.0	0.0	0.0	0
957	2	144.751	392.664	182.095	392.707	Weekdays	0.0	0.31	0.0	0.0	0.0	42	8	0.0	0.0	0.0	0
958	2	204.749	392.664	247.877	392.707	Spots/Week	0.0	0.31	0.0	0.0	0.0	33	10	0.0	0.0	0.0	0
959	2	285.001	392.664	301.897	392.707	Rate	0.0	0.27	0.0	0.0	0.0	13	4	0.0	0.0	0.0	0
960	2	25.5	401.664	48.172	401.707	Week:	0.0	0.2	0.0	0.0	0.0	29	5	0.0	0.0	0.0	0
961	2	51.749	401.664	82.885	401.707	09/24/12	0.0	0.18	0.0	0.0	0.0	0	8	0.75	0.0	0.0	0
962	2	99.0	401.664	130.136	401.707	09/30/12	0.0	0.15	0.0	0.0	0.0	0	8	0.75	0.0	0.0	0
963	2	144.751	401.579	178.519	401.616	-T-----	0.0	0.06	0.0	0.0	0.0	92	7	0.0	0.0	0.0	0
964	2	272.613	401.664	301.525	401.707	$900.00	0.0	0.07	0.0	0.0	0.71	0	7	0.71428573	1.0	6.8035054	0
965	2	45.0	415.154	65.896	415.197	KSAZ	0.0	0.09	0.0	0.0	0.0	618	4	0.0	0.0	0.0	0
966	2	71.249	415.154	102.385	415.197	09/26/12	0.0	0.07	0.0	0.0	0.0	0	8	0.75	0.0	0.0	0
967	2	113.25	415.154	144.386	415.197	09/26/12	0.0	0.1	0.0	0.0	0.0	0	8	0.75	0.0	0.0	0
968	2	155.251	415.154	169.467	415.197	M-F	0.0	0.11	0.0	0.0	0.0	47	3	0.0	0.0	0.0	0
969	2	171.691	415.154	201.043	415.197	5p-530p	0.0	0.12	0.0	0.0	0.0	72	7	0.5714286	0.0	0.0	0
970	2	203.267	415.154	223.267	415.197	News	0.0	0.14	0.0	0.0	0.0	17	4	0.0	0.0	0.0	0
971	2	260.252	415.154	289.604	415.197	5p-530p	0.0	0.12	0.0	0.0	0.0	72	7	0.5714286	0.0	0.0	0
972	2	386.371	415.154	397.491	415.197	:30	0.0	0.11	0.0	0.0	0.0	0	3	0.6666667	0.0	0.0	0
973	2	563.609	415.154	592.521	415.197	$900.00	0.0	0.24	0.0	0.0	0.71	0	7	0.71428573	1.0	6.8035054	0
974	2	45.0	427.154	72.56	427.197	Political	0.0	0.32	0.0	0.0	0.0	160	9	0.0	0.0	0.0	0
975	2	74.784	427.154	93.904	427.197	Issue	0.0	0.32	0.0	0.0	0.0	343	5	0.0	0.0	0.0	0
976	2	51.749	436.154	68.645	436.197	Start	0.0	0.32	0.0	0.0	0.0	26	5	0.0	0.0	0.0	0
977	2	70.869	436.154	87.765	436.197	Date	0.0	0.32	0.0	0.0	0.0	8	4	0.0	0.0	0.0	0
978	2	99.0	436.154	113.232	436.197	End	0.0	0.32	0.0	0.0	0.0	28	3	0.0	0.0	0.0	0
979	2	115.456	436.154	132.352	436.197	Date	0.0	0.31	0.0	0.0	0.0	8	4	0.0	0.0	0.0	0
980	2	144.751	436.154	182.095	436.197	Weekdays	0.0	0.31	0.0	0.0	0.0	42	8	0.0	0.0	0.0	0
981	2	204.749	436.154	247.877	436.197	Spots/Week	0.0	0.31	0.0	0.0	0.0	33	10	0.0	0.0	0.0	0
982	2	285.001	436.154	301.897	436.197	Rate	0.0	0.27	0.0	0.0	0.0	13	4	0.0	0.0	0.0	0
983	2	25.5	445.154	48.172	445.197	Week:	0.0	0.2	0.0	0.0	0.0	29	5	0.0	0.0	0.0	0
984	2	51.749	445.154	82.885	445.197	09/24/12	0.0	0.18	0.0	0.0	0.0	0	8	0.75	0.0	0.0	0
985	2	99.0	445.154	130.136	445.197	09/30/12	0.0	0.15	0.0	0.0	0.0	0	8	0.75	0.0	0.0	0
986	2	144.751	445.069	178.519	445.106	--W----	0.0	0.06	0.0	0.0	0.0	105	7	0.0	0.0	0.0	0
987	2	272.613	445.154	301.525	445.197	$900.00	0.0	0.07	0.0	0.0	0.71	0	7	0.71428573	1.0	6.8035054	0
988	2	45.0	458.654	65.896	458.697	KSAZ	0.0	0.09	0.0	0.0	0.0	618	4	0.0	0.0	0.0	0
989	2	71.249	458.654	102.385	458.697	09/27/12	0.0	0.07	0.0	0.0	0.0	0	8	0.75	0.0	0.0	0
990	2	113.25	458.654	144.386	458.697	09/27/12	0.0	0.1	0.0	0.0	0.0	0	8	0.75	0.0	0.0	0
991	2	155.251	458.654	169.467	458.697	M-F	0.0	0.11	0.0	0.0	0.0	47	3	0.0	0.0	0.0	0
992	2	171.691	458.654	201.043	458.697	5p-530p	0.0	0.12	0.0	0.0	0.0	72	7	0.5714286	0.0	0.0	0
993	2	203.267	458.654	223.267	458.697	News	0.0	0.14	0.0	0.0	0.0	17	4	0.0	0.0	0.0	0
994	2	260.252	458.654	289.604	458.697	5p-530p	0.0	0.12	0.0	0.0	0.0	72	7	0.5714286	0.0	0.0	0
995	2	386.371	458.654	397.491	458.697	:30	0.0	0.11	0.0	0.0	0.0	0	3	0.6666667	0.0	0.0	0
996	2	563.609	458.654	592.521	458.697	$900.00	0.0	0.24	0.0	0.0	0.71	0	7	0.71428573	1.0	6.8035054	0
997	2	45.0	470.654	72.56	470.697	Political	0.0	0.32	0.0	0.0	0.0	160	9	0.0	0.0	0.0	0
998	2	74.784	470.654	93.904	470.697	Issue	0.0	0.32	0.0	0.0	0.0	343	5	0.0	0.0	0.0	0
999	2	51.749	479.654	68.645	479.697	Start	0.0	0.32	0.0	0.0	0.0	26	5	0.0	0.0	0.0	0
1000	2	70.869	479.654	87.765	479.697	Date	0.0	0.32	0.0	0.0	0.0	8	4	0.0	0.0	0.0	0
1001	2	99.0	479.654	113.232	479.697	End	0.0	0.32	0.0	0.0	0.0	28	3	0.0	0.0	0.0	0
1002	2	115.456	479.654	132.352	479.697	Date	0.0	0.31	0.0	0.0	0.0	8	4	0.0	0.0	0.0	0
1003	2	144.751	479.654	182.095	479.697	Weekdays	0.0	0.31	0.0	0.0	0.0	42	8	0.0	0.0	0.0	0
1004	2	204.749	479.654	247.877	479.697	Spots/Week	0.0	0.31	0.0	0.0	0.0	33	10	0.0	0.0	0.0	0
1005	2	285.001	479.654	301.897	479.697	Rate	0.0	0.27	0.0	0.0	0.0	13	4	0.0	0.0	0.0	0
1006	2	25.5	488.654	48.172	488.697	Week:	0.0	0.2	0.0	0.0	0.0	29	5	0.0	0.0	0.0	0
1007	2	51.749	488.654	82.885	488.697	09/24/12	0.0	0.18	0.0	0.0	0.0	0	8	0.75	0.0	0.0	0
1008	2	99.0	488.654	130.136	488.697	09/30/12	0.0	0.15	0.0	0.0	0.0	0	8	0.75	0.0	0.0	0
1009	2	144.751	488.569	178.519	488.606	---T---	0.0	0.06	0.0	0.0	0.0	92	7	0.0	0.0	0.0	0
1010	2	272.613	488.654	301.525	488.697	$900.00	0.0	0.07	0.0	0.0	0.71	0	7	0.71428573	1.0	6.8035054	0
1011	2	45.0	502.154	65.896	502.197	KSAZ	0.0	0.09	0.0	0.0	0.0	618	4	0.0	0.0	0.0	0
1012	2	71.249	502.154	102.385	502.197	09/21/12	0.0	0.07	0.0	0.0	0.0	0	8	0.75	0.0	0.0	0
1013	2	113.25	502.154	144.386	502.197	09/21/12	0.0	0.1	0.0	0.0	0.0	0	8	0.75	0.0	0.0	0
1014	2	155.251	502.154	169.467	502.197	M-F	0.0	0.11	0.0	0.0	0.0	47	3	0.0	0.0	0.0	0
1015	2	171.691	502.154	201.043	502.197	530p-6p	0.0	0.12	0.0	0.0	0.0	72	7	0.5714286	0.0	0.0	0
1016	2	203.267	502.154	223.267	502.197	News	0.0	0.14	0.0	0.0	0.0	17	4	0.0	0.0	0.0	0
1017	2	260.252	502.154	289.604	502.197	530p-6p	0.0	0.12	0.0	0.0	0.0	72	7	0.5714286	0.0	0.0	0
1018	2	386.371	502.154	397.491	502.197	:30	0.0	0.11	0.0	0.0	0.0	0	3	0.6666667	0.0	0.0	0
1019	2	563.609	502.154	592.521	502.197	$900.00	0.0	0.24	0.0	0.0	0.71	0	7	0.71428573	1.0	6.8035054	0
1020	2	45.0	514.154	72.56	514.197	Political	0.0	0.32	0.0	0.0	0.0	160	9	0.0	0.0	0.0	0
1021	2	74.784	514.154	93.904	514.197	Issue	0.0	0.32	0.0	0.0	0.0	343	5	0.0	0.0	0.0	0
1022	2	51.749	523.154	68.645	523.197	Start	0.0	0.32	0.0	0.0	0.0	26	5	0.0	0.0	0.0	0
1023	2	70.869	523.154	87.765	523.197	Date	0.0	0.32	0.0	0.0	0.0	8	4	0.0	0.0	0.0	0
1024	2	99.0	523.154	113.232	523.197	End	0.0	0.32	0.0	0.0	0.0	28	3	0.0	0.0	0.0	0
1025	2	115.456	523.154	132.352	523.197	Date	0.0	0.31	0.0	0.0	0.0	8	4	0.0	0.0	0.0	0
1026	2	144.751	523.154	182.095	523.197	Weekdays	0.0	0.31	0.0	0.0	0.0	42	8	0.0	0.0	0.0	0
1027	2	204.749	523.154	247.877	523.197	Spots/Week	0.0	0.31	0.0	0.0	0.0	33	10	0.0	0.0	0.0	0
1028	2	285.001	523.154	301.897	523.197	Rate	0.0	0.27	0.0	0.0	0.0	13	4	0.0	0.0	0.0	0
1029	2	25.5	532.154	48.172	532.197	Week:	0.0	0.2	0.0	0.0	0.0	29	5	0.0	0.0	0.0	0
1030	2	51.749	532.154	82.885	532.197	09/17/12	0.0	0.18	0.0	0.0	0.0	0	8	0.75	0.0	0.0	0
1031	2	99.0	532.154	130.136	532.197	09/23/12	0.0	0.15	0.0	0.0	0.0	0	8	0.75	0.0	0.0	0
1032	2	144.751	532.069	178.519	532.106	----F--	0.0	0.06	0.0	0.0	0.0	94	7	0.0	0.0	0.0	0
1033	2	272.613	532.154	301.525	532.197	$900.00	0.0	0.07	0.0	0.0	0.71	0	7	0.71428573	1.0	6.8035054	0
1034	2	45.0	545.654	65.896	545.697	KSAZ	0.0	0.09	0.0	0.0	0.0	618	4	0.0	0.0	0.0	0
1035	2	71.249	545.654	102.385	545.697	09/24/12	0.0	0.07	0.0	0.0	0.0	0	8	0.75	0.0	0.0	0
1036	2	113.25	545.654	144.386	545.697	09/24/12	0.0	0.1	0.0	0.0	0.0	0	8	0.75	0.0	0.0	0
1037	2	155.251	545.654	169.467	545.697	M-F	0.0	0.11	0.0	0.0	0.0	47	3	0.0	0.0	0.0	0
1038	2	171.691	545.654	201.043	545.697	530p-6p	0.0	0.12	0.0	0.0	0.0	72	7	0.5714286	0.0	0.0	0
1039	2	203.267	545.654	223.267	545.697	News	0.0	0.14	0.0	0.0	0.0	17	4	0.0	0.0	0.0	0
1040	2	260.252	545.654	289.604	545.697	530p-6p	0.0	0.12	0.0	0.0	0.0	72	7	0.5714286	0.0	0.0	0
1041	2	386.371	545.654	397.491	545.697	:30	0.0	0.11	0.0	0.0	0.0	0	3	0.6666667	0.0	0.0	0
1042	2	563.609	545.654	592.521	545.697	$900.00	0.0	0.24	0.0	0.0	0.71	0	7	0.71428573	1.0	6.8035054	0
1043	2	45.0	557.654	72.56	557.697	Political	0.0	0.32	0.0	0.0	0.0	160	9	0.0	0.0	0.0	0
1044	2	74.784	557.654	93.904	557.697	Issue	0.0	0.32	0.0	0.0	0.0	343	5	0.0	0.0	0.0	0
1045	2	51.749	566.654	68.645	566.697	Start	0.0	0.32	0.0	0.0	0.0	26	5	0.0	0.0	0.0	0
1046	2	70.869	566.654	87.765	566.697	Date	0.0	0.32	0.0	0.0	0.0	8	4	0.0	0.0	0.0	0
1047	2	99.0	566.654	113.232	566.697	End	0.0	0.32	0.0	0.0	0.0	28	3	0.0	0.0	0.0	0
1048	2	115.456	566.654	132.352	566.697	Date	0.0	0.31	0.0	0.0	0.0	8	4	0.0	0.0	0.0	0
1049	2	144.751	566.654	182.095	566.697	Weekdays	0.0	0.31	0.0	0.0	0.0	42	8	0.0	0.0	0.0	0
1050	2	204.749	566.654	247.877	566.697	Spots/Week	0.0	0.31	0.0	0.0	0.0	33	10	0.0	0.0	0.0	0
1051	2	285.001	566.654	301.897	566.697	Rate	0.0	0.27	0.0	0.0	0.0	13	4	0.0	0.0	0.0	0
1052	2	25.5	575.654	48.172	575.697	Week:	0.0	0.2	0.0	0.0	0.0	29	5	0.0	0.0	0.0	0
1053	2	51.749	575.654	82.885	575.697	09/24/12	0.0	0.18	0.0	0.0	0.0	0	8	0.75	0.0	0.0	0
1054	2	99.0	575.654	130.136	575.697	09/30/12	0.0	0.15	0.0	0.0	0.0	0	8	0.75	0.0	0.0	0
1055	2	144.751	575.569	178.519	575.606	M------	0.0	0.06	0.0	0.0	0.0	60	7	0.0	0.0	0.0	0
1056	2	272.613	575.654	301.525	575.697	$900.00	0.0	0.07	0.0	0.0	0.71	0	7	0.71428573	1.0	6.8035054	0
1057	2	45.0	589.154	65.896	589.197	KSAZ	0.0	0.09	0.0	0.0	0.0	618	4	0.0	0.0	0.0	0
1058	2	71.249	589.154	102.385	589.197	09/25/12	0.0	0.07	0.0	0.0	0.0	0	8	0.75	0.0	0.0	0
1059	2	113.25	589.154	144.386	589.197	09/25/12	0.0	0.1	0.0	0.0	0.0	0	8	0.75	0.0	0.0	0
1060	2	155.251	589.154	169.467	589.197	M-F	0.0	0.11	0.0	0.0	0.0	47	3	0.0	0.0	0.0	0
1061	2	171.691	589.154	201.043	589.197	530p-6p	0.0	0.12	0.0	0.0	0.0	72	7	0.5714286	0.0	0.0	0
1062	2	203.267	589.154	223.267	589.197	News	0.0	0.14	0.0	0.0	0.0	17	4	0.0	0.0	0.0	0
1063	2	260.252	589.154	289.604	589.197	530p-6p	0.0	0.12	0.0	0.0	0.0	72	7	0.5714286	0.0	0.0	0
1064	2	386.371	589.154	397.491	589.197	:30	0.0	0.11	0.0	0.0	0.0	0	3	0.6666667	0.0	0.0	0
1065	2	563.609	589.154	592.521	589.197	$900.00	0.0	0.24	0.0	0.0	0.71	0	7	0.71428573	1.0	6.8035054	0
1066	2	45.0	601.144	72.56	601.187	Political	0.0	0.32	0.0	0.0	0.0	160	9	0.0	0.0	0.0	0
1067	2	74.784	601.144	93.904	601.187	Issue	0.0	0.32	0.0	0.0	0.0	343	5	0.0	0.0	0.0	0
1068	2	51.749	610.144	68.645	610.187	Start	0.0	0.32	0.0	0.0	0.0	26	5	0.0	0.0	0.0	0
1069	2	70.869	610.144	87.765	610.187	Date	0.0	0.32	0.0	0.0	0.0	8	4	0.0	0.0	0.0	0
1070	2	99.0	610.144	113.232	610.187	End	0.0	0.32	0.0	0.0	0.0	28	3	0.0	0.0	0.0	0
1071	2	115.456	610.144	132.352	610.187	Date	0.0	0.31	0.0	0.0	0.0	8	4	0.0	0.0	0.0	0
1072	2	144.751	610.144	182.095	610.187	Weekdays	0.0	0.31	0.0	0.0	0.0	42	8	0.0	0.0	0.0	0
1073	2	204.749	610.144	247.877	610.187	Spots/Week	0.0	0.31	0.0	0.0	0.0	33	10	0.0	0.0	0.0	0
1074	2	285.001	610.144	301.897	610.187	Rate	0.0	0.27	0.0	0.0	0.0	13	4	0.0	0.0	0.0	0
1075	2	25.5	619.144	48.172	619.187	Week:	0.0	0.2	0.0	0.0	0.0	29	5	0.0	0.0	0.0	0
1076	2	51.749	619.144	82.885	619.187	09/24/12	0.0	0.18	0.0	0.0	0.0	0	8	0.75	0.0	0.0	0
1077	2	99.0	619.144	130.136	619.187	09/30/12	0.0	0.15	0.0	0.0	0.0	0	8	0.75	0.0	0.0	0
1078	2	144.751	619.069	178.519	619.106	-T-----	0.0	0.06	0.0	0.0	0.0	92	7	0.0	0.0	0.0	0
1079	2	272.613	619.144	301.525	619.187	$900.00	0.0	0.07	0.0	0.0	0.71	0	7	0.71428573	1.0	6.8035054	0
1080	2	45.0	632.644	65.896	632.687	KSAZ	0.0	0.09	0.0	0.0	0.0	618	4	0.0	0.0	0.0	0
1081	2	71.249	632.644	102.385	632.687	09/26/12	0.0	0.07	0.0	0.0	0.0	0	8	0.75	0.0	0.0	0
1082	2	113.25	632.644	144.386	632.687	09/26/12	0.0	0.1	0.0	0.0	0.0	0	8	0.75	0.0	0.0	0
1083	2	155.251	632.644	169.467	632.687	M-F	0.0	0.11	0.0	0.0	0.0	47	3	0.0	0.0	0.0	0
1084	2	171.691	632.644	201.043	632.687	530p-6p	0.0	0.12	0.0	0.0	0.0	72	7	0.5714286	0.0	0.0	0
1085	2	203.267	632.644	223.267	632.687	News	0.0	0.14	0.0	0.0	0.0	17	4	0.0	0.0	0.0	0
1086	2	260.252	632.644	289.604	632.687	530p-6p	0.0	0.12	0.0	0.0	0.0	72	7	0.5714286	0.0	0.0	0
1087	2	386.371	632.644	397.491	632.687	:30	0.0	0.11	0.0	0.0	0.0	0	3	0.6666667	0.0	0.0	0
1088	2	563.609	632.644	592.521	632.687	$900.00	0.0	0.24	0.0	0.0	0.71	0	7	0.71428573	1.0	6.8035054	0
1089	2	45.0	644.644	72.56	644.687	Political	0.0	0.32	0.0	0.0	0.0	160	9	0.0	0.0	0.0	0
1090	2	74.784	644.644	93.904	644.687	Issue	0.0	0.32	0.0	0.0	0.0	343	5	0.0	0.0	0.0	0
1091	2	51.749	653.644	68.645	653.687	Start	0.0	0.32	0.0	0.0	0.0	26	5	0.0	0.0	0.0	0
1092	2	70.869	653.644	87.765	653.687	Date	0.0	0.32	0.0	0.0	0.0	8	4	0.0	0.0	0.0	0
1093	2	99.0	653.644	113.232	653.687	End	0.0	0.32	0.0	0.0	0.0	28	3	0.0	0.0	0.0	0
1094	2	115.456	653.644	132.352	653.687	Date	0.0	0.31	0.0	0.0	0.0	8	4	0.0	0.0	0.0	0
1095	2	144.751	653.644	182.095	653.687	Weekdays	0.0	0.31	0.0	0.0	0.0	42	8	0.0	0.0	0.0	0
1096	2	204.749	653.644	247.877	653.687	Spots/Week	0.0	0.31	0.0	0.0	0.0	33	10	0.0	0.0	0.0	0
1097	2	285.001	653.644	301.897	653.687	Rate	0.0	0.27	0.0	0.0	0.0	13	4	0.0	0.0	0.0	0
1098	2	25.5	662.644	48.172	662.687	Week:	0.0	0.2	0.0	0.0	0.0	29	5	0.0	0.0	0.0	0
1099	2	51.749	662.644	82.885	662.687	09/24/12	0.0	0.18	0.0	0.0	0.0	0	8	0.75	0.0	0.0	0
1100	2	99.0	662.644	130.136	662.687	09/30/12	0.0	0.15	0.0	0.0	0.0	0	8	0.75	0.0	0.0	0
1101	2	144.751	662.559	178.519	662.596	--W----	0.0	0.06	0.0	0.0	0.0	105	7	0.0	0.0	0.0	0
1102	2	272.613	662.644	301.525	662.687	$900.00	0.0	0.07	0.0	0.0	0.71	0	7	0.71428573	1.0	6.8035054	0
1103	2	45.0	676.144	65.896	676.187	KSAZ	0.0	0.09	0.0	0.0	0.0	618	4	0.0	0.0	0.0	0
1104	2	71.249	676.144	102.385	676.187	09/27/12	0.0	0.07	0.0	0.0	0.0	0	8	0.75	0.0	0.0	0
1105	2	113.25	676.144	144.386	676.187	09/27/12	0.0	0.1	0.0	0.0	0.0	0	8	0.75	0.0	0.0	0
1106	2	155.251	676.144	169.467	676.187	M-F	0.0	0.11	0.0	0.0	0.0	47	3	0.0	0.0	0.0	0
1107	2	171.691	676.144	201.043	676.187	530p-6p	0.0	0.12	0.0	0.0	0.0	72	7	0.5714286	0.0	0.0	0
1108	2	203.267	676.144	223.267	676.187	News	0.0	0.14	0.0	0.0	0.0	17	4	0.0	0.0	0.0	0
1109	2	260.252	676.144	289.604	676.187	530p-6p	0.0	0.12	0.0	0.0	0.0	72	7	0.5714286	0.0	0.0	0
1110	2	386.371	676.144	397.491	676.187	:30	0.0	0.11	0.0	0.0	0.0	0	3	0.6666667	0.0	0.0	0
1111	2	563.609	676.144	592.521	676.187	$900.00	0.0	0.24	0.0	0.0	0.71	0	7	0.71428573	1.0	6.8035054	0
1112	2	45.0	688.144	72.56	688.187	Political	0.0	0.32	0.0	0.0	0.0	160	9	0.0	0.0	0.0	0
1113	2	74.784	688.144	93.904	688.187	Issue	0.0	0.32	0.0	0.0	0.0	343	5	0.0	0.0	0.0	0
1114	2	51.749	697.144	68.645	697.187	Start	0.0	0.32	0.0	0.0	0.0	26	5	0.0	0.0	0.0	0
1115	2	70.869	697.144	87.765	697.187	Date	0.0	0.32	0.0	0.0	0.0	8	4	0.0	0.0	0.0	0
1116	2	99.0	697.144	113.232	697.187	End	0.0	0.32	0.0	0.0	0.0	28	3	0.0	0.0	0.0	0
1117	2	115.456	697.144	132.352	697.187	Date	0.0	0.31	0.0	0.0	0.0	8	4	0.0	0.0	0.0	0
1118	2	144.751	697.144	182.095	697.187	Weekdays	0.0	0.31	0.0	0.0	0.0	42	8	0.0	0.0	0.0	0
1119	2	204.749	697.144	247.877	697.187	Spots/Week	0.0	0.31	0.0	0.0	0.0	33	10	0.0	0.0	0.0	0
1120	2	285.001	697.144	301.897	697.187	Rate	0.0	0.27	0.0	0.0	0.0	13	4	0.0	0.0	0.0	0
1121	2	25.5	706.144	48.172	706.187	Week:	0.0	0.2	0.0	0.0	0.0	29	5	0.0	0.0	0.0	0
1122	2	51.749	706.144	82.885	706.187	09/24/12	0.0	0.18	0.0	0.0	0.0	0	8	0.75	0.0	0.0	0
1123	2	99.0	706.144	130.136	706.187	09/30/12	0.0	0.15	0.0	0.0	0.0	0	8	0.75	0.0	0.0	0
1124	2	144.751	706.059	178.519	706.096	---T---	0.0	0.06	0.0	0.0	0.0	92	7	0.0	0.0	0.0	0
1125	2	272.613	706.144	301.525	706.187	$900.00	0.0	0.07	0.0	0.0	0.71	0	7	0.71428573	1.0	6.8035054	0
1126	2	45.0	719.644	65.896	719.687	KSAZ	0.0	0.09	0.0	0.0	0.0	618	4	0.0	0.0	0.0	0
1127	2	71.249	719.644	102.385	719.687	09/21/12	0.0	0.07	0.0	0.0	0.0	0	8	0.75	0.0	0.0	0
1128	2	113.25	719.644	144.386	719.687	09/21/12	0.0	0.1	0.0	0.0	0.0	0	8	0.75	0.0	0.0	0
1129	2	155.251	719.644	169.467	719.687	M-F	0.0	0.11	0.0	0.0	0.0	47	3	0.0	0.0	0.0	0
1130	2	171.691	719.644	201.043	719.687	6p-630p	0.0	0.12	0.0	0.0	0.0	72	7	0.5714286	0.0	0.0	0
1131	2	203.267	719.644	223.267	719.687	News	0.0	0.14	0.0	0.0	0.0	17	4	0.0	0.0	0.0	0
1132	2	260.252	719.644	289.604	719.687	6p-630p	0.0	0.12	0.0	0.0	0.0	72	7	0.5714286	0.0	0.0	0
1133	2	386.371	719.644	397.491	719.687	:30	0.0	0.11	0.0	0.0	0.0	0	3	0.6666667	0.0	0.0	0
1134	2	563.609	719.644	592.521	719.687	$900.00	0.0	0.23	0.0	0.0	0.71	0	7	0.71428573	1.0	6.8035054	0
1135	2	45.0	731.644	72.56	731.687	Political	0.0	0.3	0.0	0.0	0.0	160	9	0.0	0.0	0.0	0
1136	2	74.784	731.644	93.904	731.687	Issue	0.0	0.3	0.0	0.0	0.0	343	5	0.0	0.0	0.0	0
1137	2	213.517	750.934	228.637	750.977	Line	0.0	0.3	0.0	0.0	0.0	89	4	0.0	0.0	0.0	0
1138	2	230.861	750.934	278.877	750.977	Transactions:	0.0	0.26	0.0	0.0	0.0	148	13	0.0	0.0	0.0	0
1139	2	298.221	750.934	316.445	750.977	New,	0.0	0.24	0.0	0.0	0.0	46	4	0.0	0.0	0.0	0
1140	2	333.125	750.934	358.029	750.977	Edited,	0.0	0.23	0.0	0.0	0.0	149	7	0.0	0.0	0.0	0
1141	2	375.149	750.934	405.381	750.977	Deleted)	0.0	0.29	0.0	0.0	0.0	147	8	0.0	0.0	0.0	0
1142	2	21.45	758.501	64.134	758.534	Notwithstanding	0.0	0.33	0.0	0.0	0.0	180	15	0.0	0.0	0.0	0
1143	2	72.474	758.501	88.476	758.534	whom	0.0	0.33	0.0	0.0	0.0	184	4	0.0	0.0	0.0	0
1144	2	90.144	758.501	100.476	758.534	bills	0.0	0.33	0.0	0.0	0.0	186	5	0.0	0.0	0.0	0
1145	2	102.144	758.501	110.814	758.534	are	0.0	0.31	0.0	0.0	0.0	127	3	0.0	0.0	0.0	0
1146	2	112.482	758.501	138.162	758.534	rendered,	0.0	0.31	0.0	0.0	0.0	185	9	0.0	0.0	0.0	0
1147	2	139.83	758.501	167.838	758.534	advertiser,	0.0	0.26	0.0	0.0	0.0	6	11	0.0	0.0	0.0	0
1148	2	169.506	758.501	188.85	758.534	agency	0.0	0.26	0.0	0.0	0.0	2	6	0.0	0.0	0.0	0
1149	2	190.518	758.501	200.526	758.534	and	0.0	0.26	0.0	0.0	0.0	77	3	0.0	0.0	0.0	0
1150	2	202.194	758.501	222.864	758.534	service,	0.0	0.26	0.0	0.0	0.0	169	8	0.0	0.0	0.0	0
1151	2	224.532	758.501	239.868	758.534	jointly	0.0	0.28	0.0	0.0	0.0	155	7	0.0	0.0	0.0	0
1152	2	241.536	758.501	251.544	758.534	and	0.0	0.28	0.0	0.0	0.0	77	3	0.0	0.0	0.0	0
1153	2	253.212	758.501	278.55	758.534	severally,	0.0	0.31	0.0	0.0	0.0	151	10	0.0	0.0	0.0	0
1154	2	280.218	758.501	292.554	758.534	shall	0.0	0.33	0.0	0.0	0.0	137	5	0.0	0.0	0.0	0
1155	2	294.222	758.501	312.558	758.534	remain	0.0	0.33	0.0	0.0	0.0	179	6	0.0	0.0	0.0	0
1156	2	314.226	758.501	338.574	758.534	obligated	0.0	0.33	0.0	0.0	0.0	181	9	0.0	0.0	0.0	0
1157	2	346.914	758.501	356.586	758.534	pay	0.0	0.27	0.0	0.0	0.0	178	3	0.0	0.0	0.0	0
1158	2	364.926	758.501	382.602	758.534	station	0.0	0.32	0.0	0.0	0.0	57	7	0.0	0.0	0.0	0
1159	2	384.27	758.501	392.61	758.534	the	0.0	0.32	0.0	0.0	0.0	44	3	0.0	0.0	0.0	0
1160	2	394.278	758.501	414.288	758.534	amount	0.0	0.32	0.0	0.0	0.0	25	6	0.0	0.0	0.0	0
1161	2	422.628	758.501	432.3	758.534	any	0.0	0.29	0.0	0.0	0.0	126	3	0.0	0.0	0.0	0
1162	2	433.968	758.501	444.3	758.534	bills	0.0	0.29	0.0	0.0	0.0	186	5	0.0	0.0	0.0	0
1163	2	445.968	758.501	469.98	758.534	rendered	0.0	0.29	0.0	0.0	0.0	185	8	0.0	0.0	0.0	0
1164	2	479.652	758.501	497.328	758.534	station	0.0	0.33	0.0	0.0	0.0	57	7	0.0	0.0	0.0	0
1165	2	498.996	758.501	514.332	758.534	within	0.0	0.33	0.0	0.0	0.0	167	6	0.0	0.0	0.0	0
1166	2	516.0	758.501	524.34	758.534	the	0.0	0.33	0.0	0.0	0.0	44	3	0.0	0.0	0.0	0
1167	2	526.008	758.501	537.342	758.534	time	0.0	0.33	0.0	0.0	0.0	22	4	0.0	0.0	0.0	0
1168	2	539.01	758.501	562.686	758.534	specified	0.0	0.33	0.0	0.0	0.0	153	9	0.0	0.0	0.0	0
1169	2	564.354	758.501	574.362	758.534	and	0.0	0.33	0.0	0.0	0.0	77	3	0.0	0.0	0.0	0
1170	2	576.03	758.501	587.034	758.534	until	0.0	0.33	0.0	0.0	0.0	177	5	0.0	0.0	0.0	0
1171	2	29.31	765.581	52.32	765.614	payment	0.0	0.29	0.0	0.0	0.0	118	7	0.0	0.0	0.0	0
1172	2	60.324	765.581	67.992	765.614	full	0.0	0.29	0.0	0.0	0.0	176	4	0.0	0.0	0.0	0
1173	2	75.66	765.581	98.334	765.614	received	0.0	0.28	0.0	0.0	0.0	164	8	0.0	0.0	0.0	0
1174	2	108.006	765.581	127.35	765.614	station.	0.0	0.33	0.0	0.0	0.0	57	8	0.0	0.0	0.0	0
1175	2	130.686	765.581	154.362	765.614	Payment	0.0	0.33	0.0	0.0	0.0	118	7	0.0	0.0	0.0	0
1176	2	164.034	765.581	190.374	765.614	advertiser	0.0	0.33	0.0	0.0	0.0	6	10	0.0	0.0	0.0	0
1177	2	198.714	765.581	218.058	765.614	agency	0.0	0.33	0.0	0.0	0.0	2	6	0.0	0.0	0.0	0
1178	2	233.4	765.581	252.402	765.614	service	0.0	0.28	0.0	0.0	0.0	169	7	0.0	0.0	0.0	0
1179	2	261.072	765.581	284.082	765.614	payment	0.0	0.28	0.0	0.0	0.0	118	7	0.0	0.0	0.0	0
1180	2	293.754	765.581	313.098	765.614	agency	0.0	0.25	0.0	0.0	0.0	2	6	0.0	0.0	0.0	0
1181	2	321.438	765.581	342.108	765.614	service,	0.0	0.39	0.0	0.0	0.0	169	8	0.0	0.0	0.0	0
1182	2	343.776	765.581	356.112	765.614	shall	0.0	0.41	0.0	0.0	0.0	137	5	0.0	0.0	0.0	0
1183	2	357.78	765.581	366.12	765.614	not	0.0	0.41	0.0	0.0	0.0	117	3	0.0	0.0	0.0	0
1184	2	367.788	765.581	393.468	765.614	constitute	0.0	0.41	0.0	0.0	0.0	156	10	0.0	0.0	0.0	0
1185	2	395.136	765.581	418.146	765.614	payment	0.0	0.4	0.0	0.0	0.0	118	7	0.0	0.0	0.0	0
1186	2	426.486	765.581	445.83	765.614	station.	0.0	0.39	0.0	0.0	0.0	57	8	0.0	0.0	0.0	0
1187	2	449.166	765.581	467.844	765.614	Station	0.0	0.39	0.0	0.0	0.0	57	7	0.0	0.0	0.0	0
1188	2	469.512	765.581	477.84	765.614	will	0.0	0.39	0.0	0.0	0.0	174	4	0.0	0.0	0.0	0
1189	2	479.508	765.581	487.848	765.614	not	0.0	0.39	0.0	0.0	0.0	117	3	0.0	0.0	0.0	0
1190	2	497.856	765.581	514.536	765.614	bound	0.0	0.31	0.0	0.0	0.0	202	5	0.0	0.0	0.0	0
1191	2	524.208	765.581	552.888	765.614	conditions.	0.0	0.34	0.0	0.0	0.0	125	11	0.0	0.0	0.0	0
1192	2	554.556	765.581	572.898	765.614	printed	0.0	0.34	0.0	0.0	0.0	159	7	0.0	0.0	0.0	0
1193	2	21.57	772.661	47.244	772.694	otherwise	0.0	0.32	0.0	0.0	0.0	146	9	0.0	0.0	0.0	0
1194	2	48.912	772.661	74.922	772.694	contracts,	0.0	0.3	0.0	0.0	0.0	130	10	0.0	0.0	0.0	0
1195	2	76.59	772.661	99.264	772.694	insertion	0.0	0.39	0.0	0.0	0.0	208	9	0.0	0.0	0.0	0
1196	2	100.932	772.661	119.604	772.694	orders,	0.0	0.39	0.0	0.0	0.0	54	7	0.0	0.0	0.0	0
1197	2	121.272	772.661	133.944	772.694	copy	0.0	0.39	0.0	0.0	0.0	206	4	0.0	0.0	0.0	0
1198	2	135.612	772.661	165.954	772.694	instructions	0.0	0.48	0.0	0.0	0.0	172	12	0.0	0.0	0.0	0
1199	2	174.624	772.661	184.296	772.694	any	0.0	0.48	0.0	0.0	0.0	126	3	0.0	0.0	0.0	0
1200	2	185.964	772.661	228.984	772.694	correspondence	0.0	0.48	0.0	0.0	0.0	183	14	0.0	0.0	0.0	0
1201	2	230.652	772.661	244.992	772.694	when	0.0	0.44	0.0	0.0	0.0	204	4	0.0	0.0	0.0	0
1202	2	246.66	772.661	259.332	772.694	such	0.0	0.37	0.0	0.0	0.0	168	4	0.0	0.0	0.0	0
1203	2	261.0	772.661	279.672	772.694	conflict	0.0	0.33	0.0	0.0	0.0	207	8	0.0	0.0	0.0	0
1204	2	281.34	772.661	292.008	772.694	with	0.0	0.33	0.0	0.0	0.0	101	4	0.0	0.0	0.0	0
1205	2	293.676	772.661	302.016	772.694	the	0.0	0.33	0.0	0.0	0.0	44	3	0.0	0.0	0.0	0
1206	2	303.684	772.661	320.028	772.694	above	0.0	0.33	0.0	0.0	0.0	135	5	0.0	0.0	0.0	0
1207	2	321.696	772.661	336.696	772.694	terms	0.0	0.2	0.0	0.0	0.0	100	5	0.0	0.0	0.0	0
1208	2	338.364	772.661	348.372	772.694	and	0.0	0.26	0.0	0.0	0.0	77	3	0.0	0.0	0.0	0
1209	2	350.04	772.661	378.72	772.694	conditions.	0.0	0.31	0.0	0.0	0.0	125	11	0.0	0.0	0.0	0
1210	2	382.056	772.661	393.39	772.694	Two	0.0	0.31	0.0	0.0	0.0	269	3	0.0	0.0	0.0	0
1211	2	395.058	772.661	409.062	772.694	week	0.0	0.31	0.0	0.0	0.0	29	4	0.0	0.0	0.0	0
1212	2	410.73	772.661	433.41	772.694	advance	0.0	0.31	0.0	0.0	0.0	209	7	0.0	0.0	0.0	0
1213	2	435.078	772.661	466.758	772.694	cancellation	0.0	0.35	0.0	0.0	0.0	230	12	0.0	0.0	0.0	0
1214	2	468.426	772.661	484.434	772.694	notice	0.0	0.35	0.0	0.0	0.0	196	6	0.0	0.0	0.0	0
1215	2	492.102	772.661	514.11	772.694	required	0.0	0.35	0.0	0.0	0.0	222	8	0.0	0.0	0.0	0
1216	2	515.778	772.661	533.118	772.694	unless	0.0	0.36	0.0	0.0	0.0	205	6	0.0	0.0	0.0	0
1217	2	534.786	772.661	560.46	772.694	otherwise	0.0	0.36	0.0	0.0	0.0	146	9	0.0	0.0	0.0	0
1218	2	562.128	772.661	587.472	772.694	specified.	0.0	0.36	0.0	0.0	0.0	153	10	0.0	0.0	0.0	0
1219	3	18.0	25.174	48.232	25.217	Contract	0.0	0.36	0.0	0.0	0.0	53	8	0.0	0.0	0.0	0
1220	3	50.456	25.174	89.584	25.217	Agreement	0.0	0.35	0.0	0.0	0.0	115	9	0.0	0.0	0.0	0
1221	3	91.808	25.174	125.16	25.217	Between:	0.0	0.35	0.0	0.0	0.0	120	8	0.0	0.0	0.0	0
1222	3	433.023	25.174	449.471	25.217	Print	0.0	0.31	0.0	0.0	0.0	37	5	0.0	0.0	0.0	0
1223	3	451.695	25.174	468.591	25.217	Date	0.0	0.27	0.0	0.0	0.0	8	4	0.0	0.0	0.0	0
1224	3	474.001	25.174	505.137	25.217	09/20/12	0.0	0.16	0.0	0.0	0.0	0	8	0.75	0.0	0.0	0
1225	3	533.251	25.174	551.931	25.217	Page	0.0	0.16	0.0	0.0	0.0	7	4	0.0	0.0	0.0	0
1226	3	406.681	55.174	436.913	55.217	Contract	0.0	0.4	0.0	0.0	0.0	53	8	0.0	0.0	0.0	0
1227	3	443.585	55.174	474.257	55.217	Revision	0.0	0.4	0.0	0.0	0.0	75	8	0.0	0.0	0.0	0
1228	3	495.842	55.174	505.178	55.217	Alt	0.0	0.4	0.0	0.0	0.0	31	3	0.0	0.0	0.0	0
1229	3	507.402	55.174	527.85	55.217	Order	0.0	0.39	0.0	0.0	0.0	9	5	0.0	0.0	0.0	0
1230	3	119.999	60.957	147.219	61.012	KSAZ	0.0	0.2	0.0	0.0	0.0	618	4	0.0	0.0	0.0	0
1231	3	414.781	67.174	445.917	67.217	4073432	0.0	0.23	0.0	0.0	0.44	0	7	1.0	1.0	15.219996	0
1232	3	495.842	67.174	523.402	67.217	Political	0.0	0.26	0.0	0.0	0.0	160	9	0.0	0.0	0.0	0
1233	3	525.626	67.174	544.746	67.217	Issue	0.0	0.26	0.0	0.0	0.0	343	5	0.0	0.0	0.0	0
1234	3	119.999	72.957	136.679	73.012	511	0.0	0.25	0.0	0.0	0.57	0	3	1.0	1.0	6.2383246	0
1235	3	154.459	72.957	187.799	73.012	Adams	0.0	0.24	0.0	0.0	0.0	1426	5	0.0	0.0	0.0	0
1236	3	190.579	72.957	218.919	73.012	Street	0.0	0.24	0.0	0.0	0.0	162	6	0.0	0.0	0.0	0
1237	3	119.999	84.957	161.679	85.012	Phoenix,	0.0	0.29	0.0	0.0	0.0	1269	8	0.0	0.0	0.0	0
1238	3	183.349	84.957	211.149	85.012	85003	0.0	0.29	0.0	0.0	0.75	0	5	1.0	1.0	11.350453	0
1239	3	309.002	85.174	339.234	85.217	Contract	0.0	0.32	0.0	0.0	0.0	53	8	0.0	0.0	0.0	0
1240	3	341.458	85.174	362.354	85.217	Dates	0.0	0.32	0.0	0.0	0.0	18	5	0.0	0.0	0.0	0
1241	3	405.751	85.174	433.319	85.217	Product	0.0	0.32	0.0	0.0	0.0	5	7	0.0	0.0	0.0	0
1242	3	495.0	85.174	526.12	85.217	Estimate	0.0	0.32	0.0	0.0	0.0	23	8	0.0	0.0	0.0	0
1243	3	119.999	96.957	143.339	97.012	(602)	0.0	0.11	0.0	0.0	0.0	0	5	0.6	0.0	0.0	0
1244	3	146.119	96.957	188.369	97.012	257-1234	0.0	0.1	0.0	0.0	0.0	0	8	0.875	0.0	0.0	0
1245	3	309.002	97.414	340.138	97.458	09/21/12	0.0	0.13	0.0	0.0	0.0	0	8	0.75	0.0	0.0	0
1246	3	347.25	97.414	378.386	97.458	09/27/12	0.0	0.15	0.0	0.0	0.0	0	8	0.75	0.0	0.0	0
1247	3	406.681	97.174	429.785	97.217	NRCC	0.0	0.18	0.0	0.0	0.0	1107	4	0.0	0.0	0.0	0
1248	3	441.793	97.174	484.033	97.217	2012-SKED	0.0	0.15	0.0	0.0	0.0	699	9	0.44444445	0.0	0.0	0
1249	3	495.842	97.414	513.634	97.458	3215	0.0	0.3	0.0	0.0	0.53	0	4	1.0	1.0	8.075893	0
1250	3	309.002	115.174	345.01	115.217	Advertiser	0.0	0.32	0.0	0.0	0.0	6	10	0.0	0.0	0.0	0
1251	3	475.501	115.174	503.061	115.217	Original	0.0	0.36	0.0	0.0	0.0	39	8	0.0	0.0	0.0	0
1252	3	505.285	115.174	522.181	115.217	Date	0.0	0.36	0.0	0.0	0.0	8	4	0.0	0.0	0.0	0
1253	3	528.853	115.174	559.525	115.217	Revision	0.0	0.36	0.0	0.0	0.0	75	8	0.0	0.0	0.0	0
1254	3	309.002	128.914	332.106	128.958	NRCC	0.0	0.35	0.0	0.0	0.0	1107	4	0.0	0.0	0.0	0
1255	3	483.54	127.174	514.676	127.217	09/19/12	0.0	0.27	0.0	0.0	0.0	0	8	0.75	0.0	0.0	0
1256	3	536.416	127.174	567.552	127.217	09/20/12	0.0	0.17	0.0	0.0	0.0	0	8	0.75	0.0	0.0	0
1257	3	401.25	151.261	426.765	151.309	Spots/	0.0	0.24	0.0	0.0	0.0	4	6	0.0	0.0	0.0	0
1258	3	20.251	162.511	41.759	163.401	*Line	0.0	0.31	0.0	0.0	0.0	89	5	0.0	0.0	0.0	0
1259	3	69.749	162.511	88.757	162.559	Start	0.0	0.31	0.0	0.0	0.0	26	5	0.0	0.0	0.0	0
1260	3	91.259	162.511	128.512	162.559	DateEnd	0.0	0.31	0.0	0.0	0.0	144	7	0.0	0.0	0.0	0
1261	3	131.014	162.511	150.022	162.559	Date	0.0	0.29	0.0	0.0	0.0	8	4	0.0	0.0	0.0	0
1262	3	155.251	162.511	200.26	162.559	Description	0.0	0.29	0.0	0.0	0.0	62	11	0.0	0.0	0.0	0
1263	3	260.252	162.511	297.773	162.559	Start/End	0.0	0.29	0.0	0.0	0.0	35	9	0.0	0.0	0.0	0
1264	3	300.275	162.511	320.273	162.559	Time	0.0	0.34	0.0	0.0	0.0	22	4	0.0	0.0	0.0	0
1265	3	333.751	162.511	354.253	162.559	Days	0.0	0.34	0.0	0.0	0.0	38	4	0.0	0.0	0.0	0
1266	3	369.0	162.511	396.522	162.559	Length	0.0	0.34	0.0	0.0	0.0	56	6	0.0	0.0	0.0	0
1267	3	401.25	162.511	424.254	162.559	Week	0.0	0.34	0.0	0.0	0.0	29	4	0.0	0.0	0.0	0
1268	3	444.75	162.511	463.758	162.559	Rate	0.0	0.34	0.0	0.0	0.0	13	4	0.0	0.0	0.0	0
1269	3	489.002	162.511	533.014	162.559	TypeSpots	0.0	0.34	0.0	0.0	0.0	158	9	0.0	0.0	0.0	0
1270	3	558.751	162.511	589.765	162.559	Amount	0.0	0.34	0.0	0.0	0.0	25	6	0.0	0.0	0.0	0
1271	3	51.749	175.174	68.645	175.217	Start	0.0	0.34	0.0	0.0	0.0	26	5	0.0	0.0	0.0	0
1272	3	70.869	175.174	87.765	175.217	Date	0.0	0.24	0.0	0.0	0.0	8	4	0.0	0.0	0.0	0
1273	3	99.0	175.174	113.232	175.217	End	0.0	0.31	0.0	0.0	0.0	28	3	0.0	0.0	0.0	0
1274	3	115.456	175.174	132.352	175.217	Date	0.0	0.31	0.0	0.0	0.0	8	4	0.0	0.0	0.0	0
1275	3	144.751	175.174	182.095	175.217	Weekdays	0.0	0.31	0.0	0.0	0.0	42	8	0.0	0.0	0.0	0
1276	3	204.749	175.174	247.877	175.217	Spots/Week	0.0	0.31	0.0	0.0	0.0	33	10	0.0	0.0	0.0	0
1277	3	285.001	175.174	301.897	175.217	Rate	0.0	0.27	0.0	0.0	0.0	13	4	0.0	0.0	0.0	0
1278	3	25.5	184.174	48.172	184.217	Week:	0.0	0.2	0.0	0.0	0.0	29	5	0.0	0.0	0.0	0
1279	3	51.749	184.174	82.885	184.217	09/17/12	0.0	0.18	0.0	0.0	0.0	0	8	0.75	0.0	0.0	0
1280	3	99.0	184.174	130.136	184.217	09/23/12	0.0	0.15	0.0	0.0	0.0	0	8	0.75	0.0	0.0	0
1281	3	144.751	184.089	178.519	184.126	----F--	0.0	0.06	0.0	0.0	0.0	94	7	0.0	0.0	0.0	0
1282	3	272.613	184.174	301.525	184.217	$900.00	0.0	0.07	0.0	0.0	0.71	0	7	0.71428573	1.0	6.8035054	0
1283	3	45.0	197.674	65.896	197.717	KSAZ	0.0	0.09	0.0	0.0	0.0	618	4	0.0	0.0	0.0	0
1284	3	71.249	197.674	102.385	197.717	09/24/12	0.0	0.07	0.0	0.0	0.0	0	8	0.75	0.0	0.0	0
1285	3	113.25	197.674	144.386	197.717	09/24/12	0.0	0.1	0.0	0.0	0.0	0	8	0.75	0.0	0.0	0
1286	3	155.251	197.674	169.467	197.717	M-F	0.0	0.11	0.0	0.0	0.0	47	3	0.0	0.0	0.0	0
1287	3	171.691	197.674	201.043	197.717	6p-630p	0.0	0.12	0.0	0.0	0.0	72	7	0.5714286	0.0	0.0	0
1288	3	203.267	197.674	223.267	197.717	News	0.0	0.14	0.0	0.0	0.0	17	4	0.0	0.0	0.0	0
1289	3	260.252	197.674	289.604	197.717	6p-630p	0.0	0.12	0.0	0.0	0.0	72	7	0.5714286	0.0	0.0	0
1290	3	386.371	197.674	397.491	197.717	:30	0.0	0.11	0.0	0.0	0.0	0	3	0.6666667	0.0	0.0	0
1291	3	563.609	197.674	592.521	197.717	$900.00	0.0	0.24	0.0	0.0	0.71	0	7	0.71428573	1.0	6.8035054	0
1292	3	45.0	209.674	72.56	209.717	Political	0.0	0.32	0.0	0.0	0.0	160	9	0.0	0.0	0.0	0
1293	3	74.784	209.674	93.904	209.717	Issue	0.0	0.32	0.0	0.0	0.0	343	5	0.0	0.0	0.0	0
1294	3	51.749	218.674	68.645	218.717	Start	0.0	0.32	0.0	0.0	0.0	26	5	0.0	0.0	0.0	0
1295	3	70.869	218.674	87.765	218.717	Date	0.0	0.32	0.0	0.0	0.0	8	4	0.0	0.0	0.0	0
1296	3	99.0	218.674	113.232	218.717	End	0.0	0.32	0.0	0.0	0.0	28	3	0.0	0.0	0.0	0
1297	3	115.456	218.674	132.352	218.717	Date	0.0	0.31	0.0	0.0	0.0	8	4	0.0	0.0	0.0	0
1298	3	144.751	218.674	182.095	218.717	Weekdays	0.0	0.31	0.0	0.0	0.0	42	8	0.0	0.0	0.0	0
1299	3	204.749	218.674	247.877	218.717	Spots/Week	0.0	0.31	0.0	0.0	0.0	33	10	0.0	0.0	0.0	0
1300	3	285.001	218.674	301.897	218.717	Rate	0.0	0.27	0.0	0.0	0.0	13	4	0.0	0.0	0.0	0
1301	3	25.5	227.674	48.172	227.717	Week:	0.0	0.2	0.0	0.0	0.0	29	5	0.0	0.0	0.0	0
1302	3	51.749	227.674	82.885	227.717	09/24/12	0.0	0.18	0.0	0.0	0.0	0	8	0.75	0.0	0.0	0
1303	3	99.0	227.674	130.136	227.717	09/30/12	0.0	0.15	0.0	0.0	0.0	0	8	0.75	0.0	0.0	0
1304	3	144.751	227.589	178.519	227.626	M------	0.0	0.06	0.0	0.0	0.0	60	7	0.0	0.0	0.0	0
1305	3	272.613	227.674	301.525	227.717	$900.00	0.0	0.07	0.0	0.0	0.71	0	7	0.71428573	1.0	6.8035054	0
1306	3	45.0	241.164	65.896	241.207	KSAZ	0.0	0.09	0.0	0.0	0.0	618	4	0.0	0.0	0.0	0
1307	3	71.249	241.164	102.385	241.207	09/25/12	0.0	0.07	0.0	0.0	0.0	0	8	0.75	0.0	0.0	0
1308	3	113.25	241.164	144.386	241.207	09/25/12	0.0	0.1	0.0	0.0	0.0	0	8	0.75	0.0	0.0	0
1309	3	155.251	241.164	169.467	241.207	M-F	0.0	0.11	0.0	0.0	0.0	47	3	0.0	0.0	0.0	0
1310	3	171.691	241.164	201.043	241.207	6p-630p	0.0	0.12	0.0	0.0	0.0	72	7	0.5714286	0.0	0.0	0
1311	3	203.267	241.164	223.267	241.207	News	0.0	0.14	0.0	0.0	0.0	17	4	0.0	0.0	0.0	0
1312	3	260.252	241.164	289.604	241.207	6p-630p	0.0	0.12	0.0	0.0	0.0	72	7	0.5714286	0.0	0.0	0
1313	3	386.371	241.164	397.491	241.207	:30	0.0	0.11	0.0	0.0	0.0	0	3	0.6666667	0.0	0.0	0
1314	3	563.609	241.164	592.521	241.207	$900.00	0.0	0.24	0.0	0.0	0.71	0	7	0.71428573	1.0	6.8035054	0
1315	3	45.0	253.164	72.56	253.207	Political	0.0	0.32	0.0	0.0	0.0	160	9	0.0	0.0	0.0	0
1316	3	74.784	253.164	93.904	253.207	Issue	0.0	0.32	0.0	0.0	0.0	343	5	0.0	0.0	0.0	0
1317	3	51.749	262.164	68.645	262.207	Start	0.0	0.32	0.0	0.0	0.0	26	5	0.0	0.0	0.0	0
1318	3	70.869	262.164	87.765	262.207	Date	0.0	0.32	0.0	0.0	0.0	8	4	0.0	0.0	0.0	0
1319	3	99.0	262.164	113.232	262.207	End	0.0	0.32	0.0	0.0	0.0	28	3	0.0	0.0	0.0	0
1320	3	115.456	262.164	132.352	262.207	Date	0.0	0.31	0.0	0.0	0.0	8	4	0.0	0.0	0.0	0
1321	3	144.751	262.164	182.095	262.207	Weekdays	0.0	0.31	0.0	0.0	0.0	42	8	0.0	0.0	0.0	0
1322	3	204.749	262.164	247.877	262.207	Spots/Week	0.0	0.31	0.0	0.0	0.0	33	10	0.0	0.0	0.0	0
1323	3	285.001	262.164	301.897	262.207	Rate	0.0	0.27	0.0	0.0	0.0	13	4	0.0	0.0	0.0	0
1324	3	25.5	271.164	48.172	271.207	Week:	0.0	0.2	0.0	0.0	0.0	29	5	0.0	0.0	0.0	0
1325	3	51.749	271.164	82.885	271.207	09/24/12	0.0	0.18	0.0	0.0	0.0	0	8	0.75	0.0	0.0	0
1326	3	99.0	271.164	130.136	271.207	09/30/12	0.0	0.15	0.0	0.0	0.0	0	8	0.75	0.0	0.0	0
1327	3	144.751	271.079	178.519	271.116	-T-----	0.0	0.06	0.0	0.0	0.0	92	7	0.0	0.0	0.0	0
1328	3	272.613	271.164	301.525	271.207	$900.00	0.0	0.07	0.0	0.0	0.71	0	7	0.71428573	1.0	6.8035054	0
1329	3	45.0	284.664	65.896	284.707	KSAZ	0.0	0.09	0.0	0.0	0.0	618	4	0.0	0.0	0.0	0
1330	3	71.249	284.664	102.385	284.707	09/26/12	0.0	0.07	0.0	0.0	0.0	0	8	0.75	0.0	0.0	0
1331	3	113.25	284.664	144.386	284.707	09/26/12	0.0	0.1	0.0	0.0	0.0	0	8	0.75	0.0	0.0	0
1332	3	155.251	284.664	169.467	284.707	M-F	0.0	0.11	0.0	0.0	0.0	47	3	0.0	0.0	0.0	0
1333	3	171.691	284.664	201.043	284.707	6p-630p	0.0	0.12	0.0	0.0	0.0	72	7	0.5714286	0.0	0.0	0
1334	3	203.267	284.664	223.267	284.707	News	0.0	0.14	0.0	0.0	0.0	17	4	0.0	0.0	0.0	0
1335	3	260.252	284.664	289.604	284.707	6p-630p	0.0	0.12	0.0	0.0	0.0	72	7	0.5714286	0.0	0.0	0
1336	3	386.371	284.664	397.491	284.707	:30	0.0	0.11	0.0	0.0	0.0	0	3	0.6666667	0.0	0.0	0
1337	3	563.609	284.664	592.521	284.707	$900.00	0.0	0.24	0.0	0.0	0.71	0	7	0.71428573	1.0	6.8035054	0
1338	3	45.0	296.664	72.56	296.707	Political	0.0	0.32	0.0	0.0	0.0	160	9	0.0	0.0	0.0	0
1339	3	74.784	296.664	93.904	296.707	Issue	0.0	0.32	0.0	0.0	0.0	343	5	0.0	0.0	0.0	0
1340	3	51.749	305.664	68.645	305.707	Start	0.0	0.32	0.0	0.0	0.0	26	5	0.0	0.0	0.0	0
1341	3	70.869	305.664	87.765	305.707	Date	0.0	0.32	0.0	0.0	0.0	8	4	0.0	0.0	0.0	0
1342	3	99.0	305.664	113.232	305.707	End	0.0	0.32	0.0	0.0	0.0	28	3	0.0	0.0	0.0	0
1343	3	115.456	305.664	132.352	305.707	Date	0.0	0.31	0.0	0.0	0.0	8	4	0.0	0.0	0.0	0
1344	3	144.751	305.664	182.095	305.707	Weekdays	0.0	0.31	0.0	0.0	0.0	42	8	0.0	0.0	0.0	0
1345	3	204.749	305.664	247.877	305.707	Spots/Week	0.0	0.31	0.0	0.0	0.0	33	10	0.0	0.0	0.0	0
1346	3	285.001	305.664	301.897	305.707	Rate	0.0	0.27	0.0	0.0	0.0	13	4	0.0	0.0	0.0	0
1347	3	25.5	314.664	48.172	314.707	Week:	0.0	0.2	0.0	0.0	0.0	29	5	0.0	0.0	0.0	0
1348	3	51.749	314.664	82.885	314.707	09/24/12	0.0	0.18	0.0	0.0	0.0	0	8	0.75	0.0	0.0	0
1349	3	99.0	314.664	130.136	314.707	09/30/12	0.0	0.15	0.0	0.0	0.0	0	8	0.75	0.0	0.0	0
1350	3	144.751	314.579	178.519	314.616	--W----	0.0	0.06	0.0	0.0	0.0	105	7	0.0	0.0	0.0	0
1351	3	272.613	314.664	301.525	314.707	$900.00	0.0	0.07	0.0	0.0	0.71	0	7	0.71428573	1.0	6.8035054	0
1352	3	45.0	328.164	65.896	328.207	KSAZ	0.0	0.09	0.0	0.0	0.0	618	4	0.0	0.0	0.0	0
1353	3	71.249	328.164	102.385	328.207	09/27/12	0.0	0.07	0.0	0.0	0.0	0	8	0.75	0.0	0.0	0
1354	3	113.25	328.164	144.386	328.207	09/27/12	0.0	0.1	0.0	0.0	0.0	0	8	0.75	0.0	0.0	0
1355	3	155.251	328.164	169.467	328.207	M-F	0.0	0.11	0.0	0.0	0.0	47	3	0.0	0.0	0.0	0
1356	3	171.691	328.164	201.043	328.207	6p-630p	0.0	0.12	0.0	0.0	0.0	72	7	0.5714286	0.0	0.0	0
1357	3	203.267	328.164	223.267	328.207	News	0.0	0.14	0.0	0.0	0.0	17	4	0.0	0.0	0.0	0
1358	3	260.252	328.164	289.604	328.207	6p-630p	0.0	0.12	0.0	0.0	0.0	72	7	0.5714286	0.0	0.0	0
1359	3	386.371	328.164	397.491	328.207	:30	0.0	0.11	0.0	0.0	0.0	0	3	0.6666667	0.0	0.0	0
1360	3	563.609	328.164	592.521	328.207	$900.00	0.0	0.24	0.0	0.0	0.71	0	7	0.71428573	1.0	6.8035054	0
1361	3	45.0	340.164	72.56	340.207	Political	0.0	0.32	0.0	0.0	0.0	160	9	0.0	0.0	0.0	0
1362	3	74.784	340.164	93.904	340.207	Issue	0.0	0.32	0.0	0.0	0.0	343	5	0.0	0.0	0.0	0
1363	3	51.749	349.164	68.645	349.207	Start	0.0	0.32	0.0	0.0	0.0	26	5	0.0	0.0	0.0	0
1364	3	70.869	349.164	87.765	349.207	Date	0.0	0.32	0.0	0.0	0.0	8	4	0.0	0.0	0.0	0
1365	3	99.0	349.164	113.232	349.207	End	0.0	0.32	0.0	0.0	0.0	28	3	0.0	0.0	0.0	0
1366	3	115.456	349.164	132.352	349.207	Date	0.0	0.31	0.0	0.0	0.0	8	4	0.0	0.0	0.0	0
1367	3	144.751	349.164	182.095	349.207	Weekdays	0.0	0.31	0.0	0.0	0.0	42	8	0.0	0.0	0.0	0
1368	3	204.749	349.164	247.877	349.207	Spots/Week	0.0	0.31	0.0	0.0	0.0	33	10	0.0	0.0	0.0	0
1369	3	285.001	349.164	301.897	349.207	Rate	0.0	0.27	0.0	0.0	0.0	13	4	0.0	0.0	0.0	0
1370	3	25.5	358.164	48.172	358.207	Week:	0.0	0.2	0.0	0.0	0.0	29	5	0.0	0.0	0.0	0
1371	3	51.749	358.164	82.885	358.207	09/24/12	0.0	0.18	0.0	0.0	0.0	0	8	0.75	0.0	0.0	0
1372	3	99.0	358.164	130.136	358.207	09/30/12	0.0	0.15	0.0	0.0	0.0	0	8	0.75	0.0	0.0	0
1373	3	144.751	358.079	178.519	358.116	---T---	0.0	0.06	0.0	0.0	0.0	92	7	0.0	0.0	0.0	0
1374	3	272.613	358.164	301.525	358.207	$900.00	0.0	0.07	0.0	0.0	0.71	0	7	0.71428573	1.0	6.8035054	0
1375	3	45.0	371.664	65.896	371.707	KSAZ	0.0	0.09	0.0	0.0	0.0	618	4	0.0	0.0	0.0	0
1376	3	71.249	371.664	102.385	371.707	09/24/12	0.0	0.07	0.0	0.0	0.0	0	8	0.75	0.0	0.0	0
1377	3	113.25	371.664	144.386	371.707	09/27/12	0.0	0.17	0.0	0.0	0.0	0	8	0.75	0.0	0.0	0
1378	3	155.251	371.664	169.467	371.707	M-F	0.0	0.21	0.0	0.0	0.0	47	3	0.0	0.0	0.0	0
1379	3	171.691	371.664	192.147	371.707	7a-8a	0.0	0.22	0.0	0.0	0.0	84	5	0.4	0.0	0.0	0
1380	3	194.371	371.664	214.371	371.707	News	0.0	0.22	0.0	0.0	0.0	17	4	0.0	0.0	0.0	0
1381	3	260.252	371.664	280.708	371.707	7a-8a	0.0	0.22	0.0	0.0	0.0	84	5	0.4	0.0	0.0	0
1382	3	386.371	371.664	397.491	371.707	:30	0.0	0.21	0.0	0.0	0.0	0	3	0.6666667	0.0	0.0	0
1383	3	556.889	371.664	592.473	371.707	$1,000.00	0.0	0.24	0.0	0.0	0.67	0	9	0.6666667	1.0	6.908755	0
1384	3	45.0	383.664	72.56	383.707	Political	0.0	0.32	0.0	0.0	0.0	160	9	0.0	0.0	0.0	0
1385	3	74.784	383.664	93.904	383.707	Issue	0.0	0.32	0.0	0.0	0.0	343	5	0.0	0.0	0.0	0
1386	3	51.749	392.664	68.645	392.707	Start	0.0	0.32	0.0	0.0	0.0	26	5	0.0	0.0	0.0	0
1387	3	70.869	392.664	87.765	392.707	Date	0.0	0.32	0.0	0.0	0.0	8	4	0.0	0.0	0.0	0
1388	3	99.0	392.664	113.232	392.707	End	0.0	0.32	0.0	0.0	0.0	28	3	0.0	0.0	0.0	0
1389	3	115.456	392.664	132.352	392.707	Date	0.0	0.31	0.0	0.0	0.0	8	4	0.0	0.0	0.0	0
1390	3	144.751	392.664	182.095	392.707	Weekdays	0.0	0.31	0.0	0.0	0.0	42	8	0.0	0.0	0.0	0
1391	3	204.749	392.664	247.877	392.707	Spots/Week	0.0	0.31	0.0	0.0	0.0	33	10	0.0	0.0	0.0	0
1392	3	285.001	392.664	301.897	392.707	Rate	0.0	0.27	0.0	0.0	0.0	13	4	0.0	0.0	0.0	0
1393	3	25.5	401.664	48.172	401.707	Week:	0.0	0.2	0.0	0.0	0.0	29	5	0.0	0.0	0.0	0
1394	3	51.749	401.664	82.885	401.707	09/24/12	0.0	0.18	0.0	0.0	0.0	0	8	0.75	0.0	0.0	0
1395	3	99.0	401.664	130.136	401.707	09/30/12	0.0	0.15	0.0	0.0	0.0	0	8	0.75	0.0	0.0	0
1396	3	144.751	401.579	178.519	401.616	MTWT---	0.0	0.09	0.0	0.0	0.0	655	7	0.0	0.0	0.0	0
1397	3	272.613	401.664	301.525	401.707	$500.00	0.0	0.07	0.0	0.0	0.86	0	7	0.71428573	1.0	6.216606	0
1398	3	45.0	415.154	65.896	415.197	KSAZ	0.0	0.09	0.0	0.0	0.0	618	4	0.0	0.0	0.0	0
1399	3	71.249	415.154	102.385	415.197	09/24/12	0.0	0.07	0.0	0.0	0.0	0	8	0.75	0.0	0.0	0
1400	3	113.25	415.154	144.386	415.197	09/27/12	0.0	0.17	0.0	0.0	0.0	0	8	0.75	0.0	0.0	0
1401	3	155.251	415.154	169.467	415.197	M-F	0.0	0.21	0.0	0.0	0.0	47	3	0.0	0.0	0.0	0
1402	3	171.691	415.154	192.147	415.197	8a-9a	0.0	0.22	0.0	0.0	0.0	84	5	0.4	0.0	0.0	0
1403	3	194.371	415.154	214.371	415.197	News	0.0	0.22	0.0	0.0	0.0	17	4	0.0	0.0	0.0	0
1404	3	260.252	415.154	280.708	415.197	8a-9a	0.0	0.22	0.0	0.0	0.0	84	5	0.4	0.0	0.0	0
1405	3	386.371	415.154	397.491	415.197	:30	0.0	0.21	0.0	0.0	0.0	0	3	0.6666667	0.0	0.0	0
1406	3	556.889	415.154	592.473	415.197	$1,700.00	0.0	0.24	0.0	0.0	0.8	0	9	0.6666667	1.0	7.4389715	0
1407	3	45.0	427.154	72.56	427.197	Political	0.0	0.32	0.0	0.0	0.0	160	9	0.0	0.0	0.0	0
1408	3	74.784	427.154	93.904	427.197	Issue	0.0	0.32	0.0	0.0	0.0	343	5	0.0	0.0	0.0	0
1409	3	51.749	436.154	68.645	436.197	Start	0.0	0.32	0.0	0.0	0.0	26	5	0.0	0.0	0.0	0
1410	3	70.869	436.154	87.765	436.197	Date	0.0	0.32	0.0	0.0	0.0	8	4	0.0	0.0	0.0	0
1411	3	99.0	436.154	113.232	436.197	End	0.0	0.32	0.0	0.0	0.0	28	3	0.0	0.0	0.0	0
1412	3	115.456	436.154	132.352	436.197	Date	0.0	0.31	0.0	0.0	0.0	8	4	0.0	0.0	0.0	0
1413	3	144.751	436.154	182.095	436.197	Weekdays	0.0	0.31	0.0	0.0	0.0	42	8	0.0	0.0	0.0	0
1414	3	204.749	436.154	247.877	436.197	Spots/Week	0.0	0.31	0.0	0.0	0.0	33	10	0.0	0.0	0.0	0
1415	3	285.001	436.154	301.897	436.197	Rate	0.0	0.27	0.0	0.0	0.0	13	4	0.0	0.0	0.0	0
1416	3	25.5	445.154	48.172	445.197	Week:	0.0	0.2	0.0	0.0	0.0	29	5	0.0	0.0	0.0	0
1417	3	51.749	445.154	82.885	445.197	09/24/12	0.0	0.18	0.0	0.0	0.0	0	8	0.75	0.0	0.0	0
1418	3	99.0	445.154	130.136	445.197	09/30/12	0.0	0.15	0.0	0.0	0.0	0	8	0.75	0.0	0.0	0
1419	3	144.751	445.069	178.519	445.106	MTWT---	0.0	0.09	0.0	0.0	0.0	655	7	0.0	0.0	0.0	0
1420	3	272.613	445.154	301.525	445.197	$850.00	0.0	0.07	0.0	0.0	0.71	0	7	0.71428573	1.0	6.7464123	0
1421	3	45.0	458.654	65.896	458.697	KSAZ	0.0	0.09	0.0	0.0	0.0	618	4	0.0	0.0	0.0	0
1422	3	71.249	458.654	102.385	458.697	09/23/12	0.0	0.07	0.0	0.0	0.0	0	8	0.75	0.0	0.0	0
1423	3	113.25	458.654	144.386	458.697	09/23/12	0.0	0.17	0.0	0.0	0.0	0	8	0.75	0.0	0.0	0
1424	3	167.259	458.654	187.715	458.697	8a-9a	0.0	0.22	0.0	0.0	0.0	84	5	0.4	0.0	0.0	0
1425	3	189.939	458.654	209.939	458.697	News	0.0	0.22	0.0	0.0	0.0	17	4	0.0	0.0	0.0	0
1426	3	260.252	458.654	280.708	458.697	8a-9a	0.0	0.22	0.0	0.0	0.0	84	5	0.4	0.0	0.0	0
1427	3	386.371	458.654	397.491	458.697	:30	0.0	0.21	0.0	0.0	0.0	0	3	0.6666667	0.0	0.0	0
1428	3	563.609	458.654	592.521	458.697	$350.00	0.0	0.24	0.0	0.0	0.71	0	7	0.71428573	1.0	5.8607864	0
1429	3	45.0	470.654	72.56	470.697	Political	0.0	0.32	0.0	0.0	0.0	160	9	0.0	0.0	0.0	0
1430	3	74.784	470.654	93.904	470.697	Issue	0.0	0.32	0.0	0.0	0.0	343	5	0.0	0.0	0.0	0
1431	3	51.749	479.654	68.645	479.697	Start	0.0	0.32	0.0	0.0	0.0	26	5	0.0	0.0	0.0	0
1432	3	70.869	479.654	87.765	479.697	Date	0.0	0.32	0.0	0.0	0.0	8	4	0.0	0.0	0.0	0
1433	3	99.0	479.654	113.232	479.697	End	0.0	0.32	0.0	0.0	0.0	28	3	0.0	0.0	0.0	0
1434	3	115.456	479.654	132.352	479.697	Date	0.0	0.31	0.0	0.0	0.0	8	4	0.0	0.0	0.0	0
1435	3	144.751	479.654	182.095	479.697	Weekdays	0.0	0.31	0.0	0.0	0.0	42	8	0.0	0.0	0.0	0
1436	3	204.749	479.654	247.877	479.697	Spots/Week	0.0	0.31	0.0	0.0	0.0	33	10	0.0	0.0	0.0	0
1437	3	285.001	479.654	301.897	479.697	Rate	0.0	0.27	0.0	0.0	0.0	13	4	0.0	0.0	0.0	0
1438	3	25.5	488.654	48.172	488.697	Week:	0.0	0.2	0.0	0.0	0.0	29	5	0.0	0.0	0.0	0
1439	3	51.749	488.654	82.885	488.697	09/17/12	0.0	0.18	0.0	0.0	0.0	0	8	0.75	0.0	0.0	0
1440	3	99.0	488.654	130.136	488.697	09/23/12	0.0	0.15	0.0	0.0	0.0	0	8	0.75	0.0	0.0	0
1441	3	144.751	488.569	178.519	488.606	------S	0.0	0.06	0.0	0.0	0.0	49	7	0.0	0.0	0.0	0
1442	3	272.613	488.654	301.525	488.697	$350.00	0.0	0.07	0.0	0.0	0.71	0	7	0.71428573	1.0	5.8607864	0
1443	3	45.0	502.154	65.896	502.197	KSAZ	0.0	0.1	0.0	0.0	0.0	618	4	0.0	0.0	0.0	0
1444	3	71.249	502.154	102.385	502.197	09/22/12	0.0	0.1	0.0	0.0	0.0	0	8	0.75	0.0	0.0	0
1445	3	113.25	502.154	144.386	502.197	09/22/12	0.0	0.11	0.0	0.0	0.0	0	8	0.75	0.0	0.0	0
1446	3	155.251	502.154	166.811	502.197	Big	0.0	0.13	0.0	0.0	0.0	702	3	0.0	0.0	0.0	0
1447	3	193.491	502.154	214.379	502.197	Prime	0.0	0.12	0.0	0.0	0.0	113	5	0.0	0.0	0.0	0
1448	3	216.603	502.154	238.387	502.197	Game	0.0	0.12	0.0	0.0	0.0	309	4	0.0	0.0	0.0	0
1449	3	260.252	502.154	285.156	502.197	12p-9p	0.0	0.12	0.0	0.0	0.0	72	6	0.5	0.0	0.0	0
1450	3	386.371	502.154	397.491	502.197	:30	0.0	0.11	0.0	0.0	0.0	0	3	0.6666667	0.0	0.0	0
1451	3	556.889	502.154	592.473	502.197	$9,000.00	0.0	0.24	0.0	0.0	0.67	0	9	0.6666667	1.0	9.105091	0
1452	3	45.0	514.154	72.56	514.197	Political	0.0	0.32	0.0	0.0	0.0	160	9	0.0	0.0	0.0	0
1453	3	74.784	514.154	93.904	514.197	Issue	0.0	0.32	0.0	0.0	0.0	343	5	0.0	0.0	0.0	0
1454	3	51.749	523.154	68.645	523.197	Start	0.0	0.32	0.0	0.0	0.0	26	5	0.0	0.0	0.0	0
1455	3	70.869	523.154	87.765	523.197	Date	0.0	0.32	0.0	0.0	0.0	8	4	0.0	0.0	0.0	0
1456	3	99.0	523.154	113.232	523.197	End	0.0	0.32	0.0	0.0	0.0	28	3	0.0	0.0	0.0	0
1457	3	115.456	523.154	132.352	523.197	Date	0.0	0.31	0.0	0.0	0.0	8	4	0.0	0.0	0.0	0
1458	3	144.751	523.154	182.095	523.197	Weekdays	0.0	0.31	0.0	0.0	0.0	42	8	0.0	0.0	0.0	0
1459	3	204.749	523.154	247.877	523.197	Spots/Week	0.0	0.31	0.0	0.0	0.0	33	10	0.0	0.0	0.0	0
1460	3	285.001	523.154	301.897	523.197	Rate	0.0	0.27	0.0	0.0	0.0	13	4	0.0	0.0	0.0	0
1461	3	25.5	532.154	48.172	532.197	Week:	0.0	0.2	0.0	0.0	0.0	29	5	0.0	0.0	0.0	0
1462	3	51.749	532.154	82.885	532.197	09/17/12	0.0	0.18	0.0	0.0	0.0	0	8	0.75	0.0	0.0	0
1463	3	99.0	532.154	130.136	532.197	09/23/12	0.0	0.15	0.0	0.0	0.0	0	8	0.75	0.0	0.0	0
1464	3	144.751	532.069	178.519	532.106	-----S-	0.0	0.06	0.0	0.0	0.0	49	7	0.0	0.0	0.0	0
1465	3	265.893	532.154	301.477	532.197	$3,000.00	0.0	0.07	0.0	0.0	0.67	0	9	0.6666667	1.0	8.0067005	0
1466	3	45.0	545.654	65.896	545.697	KSAZ	0.0	0.09	0.0	0.0	0.0	618	4	0.0	0.0	0.0	0
1467	3	71.249	545.654	102.385	545.697	09/21/12	0.0	0.07	0.0	0.0	0.0	0	8	0.75	0.0	0.0	0
1468	3	113.25	545.654	144.386	545.697	09/21/12	0.0	0.1	0.0	0.0	0.0	0	8	0.75	0.0	0.0	0
1469	3	155.251	545.654	169.467	545.697	M-F	0.0	0.11	0.0	0.0	0.0	47	3	0.0	0.0	0.0	0
1470	3	171.691	545.654	196.595	545.697	9p-10p	0.0	0.12	0.0	0.0	0.0	72	6	0.5	0.0	0.0	0
1471	3	198.819	545.654	218.819	545.697	News	0.0	0.14	0.0	0.0	0.0	17	4	0.0	0.0	0.0	0
1472	3	260.252	545.654	289.604	545.697	9p-930p	0.0	0.12	0.0	0.0	0.0	72	7	0.5714286	0.0	0.0	0
1473	3	386.371	545.654	397.491	545.697	:30	0.0	0.11	0.0	0.0	0.0	0	3	0.6666667	0.0	0.0	0
1474	3	556.889	545.654	592.473	545.697	$1,800.00	0.0	0.24	0.0	0.0	0.67	0	9	0.6666667	1.0	7.4960976	0
1475	3	45.0	557.654	72.56	557.697	Political	0.0	0.32	0.0	0.0	0.0	160	9	0.0	0.0	0.0	0
1476	3	74.784	557.654	93.904	557.697	Issue	0.0	0.32	0.0	0.0	0.0	343	5	0.0	0.0	0.0	0
1477	3	51.749	566.654	68.645	566.697	Start	0.0	0.32	0.0	0.0	0.0	26	5	0.0	0.0	0.0	0
1478	3	70.869	566.654	87.765	566.697	Date	0.0	0.32	0.0	0.0	0.0	8	4	0.0	0.0	0.0	0
1479	3	99.0	566.654	113.232	566.697	End	0.0	0.32	0.0	0.0	0.0	28	3	0.0	0.0	0.0	0
1480	3	115.456	566.654	132.352	566.697	Date	0.0	0.31	0.0	0.0	0.0	8	4	0.0	0.0	0.0	0
1481	3	144.751	566.654	182.095	566.697	Weekdays	0.0	0.31	0.0	0.0	0.0	42	8	0.0	0.0	0.0	0
1482	3	204.749	566.654	247.877	566.697	Spots/Week	0.0	0.31	0.0	0.0	0.0	33	10	0.0	0.0	0.0	0
1483	3	285.001	566.654	301.897	566.697	Rate	0.0	0.27	0.0	0.0	0.0	13	4	0.0	0.0	0.0	0
1484	3	25.5	575.654	48.172	575.697	Week:	0.0	0.2	0.0	0.0	0.0	29	5	0.0	0.0	0.0	0
1485	3	51.749	575.654	82.885	575.697	09/17/12	0.0	0.18	0.0	0.0	0.0	0	8	0.75	0.0	0.0	0
1486	3	99.0	575.654	130.136	575.697	09/23/12	0.0	0.15	0.0	0.0	0.0	0	8	0.75	0.0	0.0	0
1487	3	144.751	575.569	178.519	575.606	----F--	0.0	0.06	0.0	0.0	0.0	94	7	0.0	0.0	0.0	0
1488	3	265.893	575.654	301.477	575.697	$1,800.00	0.0	0.07	0.0	0.0	0.67	0	9	0.6666667	1.0	7.4960976	0
1489	3	45.0	589.154	65.896	589.197	KSAZ	0.0	0.09	0.0	0.0	0.0	618	4	0.0	0.0	0.0	0
1490	3	71.249	589.154	102.385	589.197	09/24/12	0.0	0.07	0.0	0.0	0.0	0	8	0.75	0.0	0.0	0
1491	3	113.25	589.154	144.386	589.197	09/24/12	0.0	0.1	0.0	0.0	0.0	0	8	0.75	0.0	0.0	0
1492	3	155.251	589.154	169.467	589.197	M-F	0.0	0.11	0.0	0.0	0.0	47	3	0.0	0.0	0.0	0
1493	3	171.691	589.154	196.595	589.197	9p-10p	0.0	0.12	0.0	0.0	0.0	72	6	0.5	0.0	0.0	0
1494	3	198.819	589.154	218.819	589.197	News	0.0	0.14	0.0	0.0	0.0	17	4	0.0	0.0	0.0	0
1495	3	260.252	589.154	289.604	589.197	9p-930p	0.0	0.12	0.0	0.0	0.0	72	7	0.5714286	0.0	0.0	0
1496	3	386.371	589.154	397.491	589.197	:30	0.0	0.11	0.0	0.0	0.0	0	3	0.6666667	0.0	0.0	0
1497	3	556.889	589.154	592.473	589.197	$1,800.00	0.0	0.24	0.0	0.0	0.67	0	9	0.6666667	1.0	7.4960976	0
1498	3	45.0	601.144	72.56	601.187	Political	0.0	0.32	0.0	0.0	0.0	160	9	0.0	0.0	0.0	0
1499	3	74.784	601.144	93.904	601.187	Issue	0.0	0.32	0.0	0.0	0.0	343	5	0.0	0.0	0.0	0
1500	3	51.749	610.144	68.645	610.187	Start	0.0	0.32	0.0	0.0	0.0	26	5	0.0	0.0	0.0	0
1501	3	70.869	610.144	87.765	610.187	Date	0.0	0.32	0.0	0.0	0.0	8	4	0.0	0.0	0.0	0
1502	3	99.0	610.144	113.232	610.187	End	0.0	0.32	0.0	0.0	0.0	28	3	0.0	0.0	0.0	0
1503	3	115.456	610.144	132.352	610.187	Date	0.0	0.31	0.0	0.0	0.0	8	4	0.0	0.0	0.0	0
1504	3	144.751	610.144	182.095	610.187	Weekdays	0.0	0.31	0.0	0.0	0.0	42	8	0.0	0.0	0.0	0
1505	3	204.749	610.144	247.877	610.187	Spots/Week	0.0	0.31	0.0	0.0	0.0	33	10	0.0	0.0	0.0	0
1506	3	285.001	610.144	301.897	610.187	Rate	0.0	0.27	0.0	0.0	0.0	13	4	0.0	0.0	0.0	0
1507	3	25.5	619.144	48.172	619.187	Week:	0.0	0.2	0.0	0.0	0.0	29	5	0.0	0.0	0.0	0
1508	3	51.749	619.144	82.885	619.187	09/24/12	0.0	0.18	0.0	0.0	0.0	0	8	0.75	0.0	0.0	0
1509	3	99.0	619.144	130.136	619.187	09/30/12	0.0	0.15	0.0	0.0	0.0	0	8	0.75	0.0	0.0	0
1510	3	144.751	619.069	178.519	619.106	M------	0.0	0.06	0.0	0.0	0.0	60	7	0.0	0.0	0.0	0
1511	3	265.893	619.144	301.477	619.187	$1,800.00	0.0	0.07	0.0	0.0	0.67	0	9	0.6666667	1.0	7.4960976	0
1512	3	45.0	632.644	65.896	632.687	KSAZ	0.0	0.09	0.0	0.0	0.0	618	4	0.0	0.0	0.0	0
1513	3	71.249	632.644	102.385	632.687	09/25/12	0.0	0.07	0.0	0.0	0.0	0	8	0.75	0.0	0.0	0
1514	3	113.25	632.644	144.386	632.687	09/25/12	0.0	0.1	0.0	0.0	0.0	0	8	0.75	0.0	0.0	0
1515	3	155.251	632.644	169.467	632.687	M-F	0.0	0.11	0.0	0.0	0.0	47	3	0.0	0.0	0.0	0
1516	3	171.691	632.644	196.595	632.687	9p-10p	0.0	0.12	0.0	0.0	0.0	72	6	0.5	0.0	0.0	0
1517	3	198.819	632.644	218.819	632.687	News	0.0	0.14	0.0	0.0	0.0	17	4	0.0	0.0	0.0	0
1518	3	260.252	632.644	289.604	632.687	9p-930p	0.0	0.12	0.0	0.0	0.0	72	7	0.5714286	0.0	0.0	0
1519	3	386.371	632.644	397.491	632.687	:30	0.0	0.11	0.0	0.0	0.0	0	3	0.6666667	0.0	0.0	0
1520	3	556.889	632.644	592.473	632.687	$1,800.00	0.0	0.24	0.0	0.0	0.67	0	9	0.6666667	1.0	7.4960976	0
1521	3	45.0	644.644	72.56	644.687	Political	0.0	0.32	0.0	0.0	0.0	160	9	0.0	0.0	0.0	0
1522	3	74.784	644.644	93.904	644.687	Issue	0.0	0.32	0.0	0.0	0.0	343	5	0.0	0.0	0.0	0
1523	3	51.749	653.644	68.645	653.687	Start	0.0	0.32	0.0	0.0	0.0	26	5	0.0	0.0	0.0	0
1524	3	70.869	653.644	87.765	653.687	Date	0.0	0.32	0.0	0.0	0.0	8	4	0.0	0.0	0.0	0
1525	3	99.0	653.644	113.232	653.687	End	0.0	0.32	0.0	0.0	0.0	28	3	0.0	0.0	0.0	0
1526	3	115.456	653.644	132.352	653.687	Date	0.0	0.31	0.0	0.0	0.0	8	4	0.0	0.0	0.0	0
1527	3	144.751	653.644	182.095	653.687	Weekdays	0.0	0.31	0.0	0.0	0.0	42	8	0.0	0.0	0.0	0
1528	3	204.749	653.644	247.877	653.687	Spots/Week	0.0	0.31	0.0	0.0	0.0	33	10	0.0	0.0	0.0	0
1529	3	285.001	653.644	301.897	653.687	Rate	0.0	0.27	0.0	0.0	0.0	13	4	0.0	0.0	0.0	0
1530	3	25.5	662.644	48.172	662.687	Week:	0.0	0.2	0.0	0.0	0.0	29	5	0.0	0.0	0.0	0
1531	3	51.749	662.644	82.885	662.687	09/24/12	0.0	0.18	0.0	0.0	0.0	0	8	0.75	0.0	0.0	0
1532	3	99.0	662.644	130.136	662.687	09/30/12	0.0	0.15	0.0	0.0	0.0	0	8	0.75	0.0	0.0	0
1533	3	144.751	662.559	178.519	662.596	-T-----	0.0	0.06	0.0	0.0	0.0	92	7	0.0	0.0	0.0	0
1534	3	265.893	662.644	301.477	662.687	$1,800.00	0.0	0.07	0.0	0.0	0.67	0	9	0.6666667	1.0	7.4960976	0
1535	3	45.0	676.144	65.896	676.187	KSAZ	0.0	0.09	0.0	0.0	0.0	618	4	0.0	0.0	0.0	0
1536	3	71.249	676.144	102.385	676.187	09/26/12	0.0	0.07	0.0	0.0	0.0	0	8	0.75	0.0	0.0	0
1537	3	113.25	676.144	144.386	676.187	09/26/12	0.0	0.1	0.0	0.0	0.0	0	8	0.75	0.0	0.0	0
1538	3	155.251	676.144	169.467	676.187	M-F	0.0	0.11	0.0	0.0	0.0	47	3	0.0	0.0	0.0	0
1539	3	171.691	676.144	196.595	676.187	9p-10p	0.0	0.12	0.0	0.0	0.0	72	6	0.5	0.0	0.0	0
1540	3	198.819	676.144	218.819	676.187	News	0.0	0.14	0.0	0.0	0.0	17	4	0.0	0.0	0.0	0
1541	3	260.252	676.144	289.604	676.187	9p-930p	0.0	0.12	0.0	0.0	0.0	72	7	0.5714286	0.0	0.0	0
1542	3	386.371	676.144	397.491	676.187	:30	0.0	0.11	0.0	0.0	0.0	0	3	0.6666667	0.0	0.0	0
1543	3	556.889	676.144	592.473	676.187	$1,800.00	0.0	0.24	0.0	0.0	0.67	0	9	0.6666667	1.0	7.4960976	0
1544	3	45.0	688.144	72.56	688.187	Political	0.0	0.32	0.0	0.0	0.0	160	9	0.0	0.0	0.0	0
1545	3	74.784	688.144	93.904	688.187	Issue	0.0	0.32	0.0	0.0	0.0	343	5	0.0	0.0	0.0	0
1546	3	51.749	697.144	68.645	697.187	Start	0.0	0.32	0.0	0.0	0.0	26	5	0.0	0.0	0.0	0
1547	3	70.869	697.144	87.765	697.187	Date	0.0	0.32	0.0	0.0	0.0	8	4	0.0	0.0	0.0	0
1548	3	99.0	697.144	113.232	697.187	End	0.0	0.32	0.0	0.0	0.0	28	3	0.0	0.0	0.0	0
1549	3	115.456	697.144	132.352	697.187	Date	0.0	0.31	0.0	0.0	0.0	8	4	0.0	0.0	0.0	0
1550	3	144.751	697.144	182.095	697.187	Weekdays	0.0	0.31	0.0	0.0	0.0	42	8	0.0	0.0	0.0	0
1551	3	204.749	697.144	247.877	697.187	Spots/Week	0.0	0.31	0.0	0.0	0.0	33	10	0.0	0.0	0.0	0
1552	3	285.001	697.144	301.897	697.187	Rate	0.0	0.27	0.0	0.0	0.0	13	4	0.0	0.0	0.0	0
1553	3	25.5	706.144	48.172	706.187	Week:	0.0	0.2	0.0	0.0	0.0	29	5	0.0	0.0	0.0	0
1554	3	51.749	706.144	82.885	706.187	09/24/12	0.0	0.18	0.0	0.0	0.0	0	8	0.75	0.0	0.0	0
1555	3	99.0	706.144	130.136	706.187	09/30/12	0.0	0.15	0.0	0.0	0.0	0	8	0.75	0.0	0.0	0
1556	3	144.751	706.059	178.519	706.096	--W----	0.0	0.06	0.0	0.0	0.0	105	7	0.0	0.0	0.0	0
1557	3	265.893	706.144	301.477	706.187	$1,800.00	0.0	0.07	0.0	0.0	0.67	0	9	0.6666667	1.0	7.4960976	0
1558	3	45.0	719.644	65.896	719.687	KSAZ	0.0	0.09	0.0	0.0	0.0	618	4	0.0	0.0	0.0	0
1559	3	71.249	719.644	102.385	719.687	09/27/12	0.0	0.07	0.0	0.0	0.0	0	8	0.75	0.0	0.0	0
1560	3	113.25	719.644	144.386	719.687	09/27/12	0.0	0.1	0.0	0.0	0.0	0	8	0.75	0.0	0.0	0
1561	3	155.251	719.644	169.467	719.687	M-F	0.0	0.11	0.0	0.0	0.0	47	3	0.0	0.0	0.0	0
1562	3	171.691	719.644	196.595	719.687	9p-10p	0.0	0.12	0.0	0.0	0.0	72	6	0.5	0.0	0.0	0
1563	3	198.819	719.644	218.819	719.687	News	0.0	0.14	0.0	0.0	0.0	17	4	0.0	0.0	0.0	0
1564	3	260.252	719.644	289.604	719.687	9p-930p	0.0	0.12	0.0	0.0	0.0	72	7	0.5714286	0.0	0.0	0
1565	3	386.371	719.644	397.491	719.687	:30	0.0	0.11	0.0	0.0	0.0	0	3	0.6666667	0.0	0.0	0
1566	3	556.889	719.644	592.473	719.687	$1,800.00	0.0	0.22	0.0	0.0	0.67	0	9	0.6666667	1.0	7.4960976	0
1567	3	45.0	731.644	72.56	731.687	Political	0.0	0.3	0.0	0.0	0.0	160	9	0.0	0.0	0.0	0
1568	3	74.784	731.644	93.904	731.687	Issue	0.0	0.3	0.0	0.0	0.0	343	5	0.0	0.0	0.0	0
1569	3	213.517	750.934	228.637	750.977	Line	0.0	0.3	0.0	0.0	0.0	89	4	0.0	0.0	0.0	0
1570	3	230.861	750.934	278.877	750.977	Transactions:	0.0	0.26	0.0	0.0	0.0	148	13	0.0	0.0	0.0	0
1571	3	298.221	750.934	316.445	750.977	New,	0.0	0.24	0.0	0.0	0.0	46	4	0.0	0.0	0.0	0
1572	3	333.125	750.934	358.029	750.977	Edited,	0.0	0.23	0.0	0.0	0.0	149	7	0.0	0.0	0.0	0
1573	3	375.149	750.934	405.381	750.977	Deleted)	0.0	0.29	0.0	0.0	0.0	147	8	0.0	0.0	0.0	0
1574	3	21.45	758.501	64.134	758.534	Notwithstanding	0.0	0.33	0.0	0.0	0.0	180	15	0.0	0.0	0.0	0
1575	3	72.474	758.501	88.476	758.534	whom	0.0	0.33	0.0	0.0	0.0	184	4	0.0	0.0	0.0	0
1576	3	90.144	758.501	100.476	758.534	bills	0.0	0.33	0.0	0.0	0.0	186	5	0.0	0.0	0.0	0
1577	3	102.144	758.501	110.814	758.534	are	0.0	0.31	0.0	0.0	0.0	127	3	0.0	0.0	0.0	0
1578	3	112.482	758.501	138.162	758.534	rendered,	0.0	0.31	0.0	0.0	0.0	185	9	0.0	0.0	0.0	0
1579	3	139.83	758.501	167.838	758.534	advertiser,	0.0	0.26	0.0	0.0	0.0	6	11	0.0	0.0	0.0	0
1580	3	169.506	758.501	188.85	758.534	agency	0.0	0.26	0.0	0.0	0.0	2	6	0.0	0.0	0.0	0
1581	3	190.518	758.501	200.526	758.534	and	0.0	0.26	0.0	0.0	0.0	77	3	0.0	0.0	0.0	0
1582	3	202.194	758.501	222.864	758.534	service,	0.0	0.26	0.0	0.0	0.0	169	8	0.0	0.0	0.0	0
1583	3	224.532	758.501	239.868	758.534	jointly	0.0	0.28	0.0	0.0	0.0	155	7	0.0	0.0	0.0	0
1584	3	241.536	758.501	251.544	758.534	and	0.0	0.28	0.0	0.0	0.0	77	3	0.0	0.0	0.0	0
1585	3	253.212	758.501	278.55	758.534	severally,	0.0	0.31	0.0	0.0	0.0	151	10	0.0	0.0	0.0	0
1586	3	280.218	758.501	292.554	758.534	shall	0.0	0.33	0.0	0.0	0.0	137	5	0.0	0.0	0.0	0
1587	3	294.222	758.501	312.558	758.534	remain	0.0	0.33	0.0	0.0	0.0	179	6	0.0	0.0	0.0	0
1588	3	314.226	758.501	338.574	758.534	obligated	0.0	0.33	0.0	0.0	0.0	181	9	0.0	0.0	0.0	0
1589	3	346.914	758.501	356.586	758.534	pay	0.0	0.27	0.0	0.0	0.0	178	3	0.0	0.0	0.0	0
1590	3	364.926	758.501	382.602	758.534	station	0.0	0.32	0.0	0.0	0.0	57	7	0.0	0.0	0.0	0
1591	3	384.27	758.501	392.61	758.534	the	0.0	0.32	0.0	0.0	0.0	44	3	0.0	0.0	0.0	0
1592	3	394.278	758.501	414.288	758.534	amount	0.0	0.32	0.0	0.0	0.0	25	6	0.0	0.0	0.0	0
1593	3	422.628	758.501	432.3	758.534	any	0.0	0.29	0.0	0.0	0.0	126	3	0.0	0.0	0.0	0
1594	3	433.968	758.501	444.3	758.534	bills	0.0	0.29	0.0	0.0	0.0	186	5	0.0	0.0	0.0	0
1595	3	445.968	758.501	469.98	758.534	rendered	0.0	0.29	0.0	0.0	0.0	185	8	0.0	0.0	0.0	0
1596	3	479.652	758.501	497.328	758.534	station	0.0	0.33	0.0	0.0	0.0	57	7	0.0	0.0	0.0	0
1597	3	498.996	758.501	514.332	758.534	within	0.0	0.33	0.0	0.0	0.0	167	6	0.0	0.0	0.0	0
1598	3	516.0	758.501	524.34	758.534	the	0.0	0.33	0.0	0.0	0.0	44	3	0.0	0.0	0.0	0
1599	3	526.008	758.501	537.342	758.534	time	0.0	0.33	0.0	0.0	0.0	22	4	0.0	0.0	0.0	0
1600	3	539.01	758.501	562.686	758.534	specified	0.0	0.33	0.0	0.0	0.0	153	9	0.0	0.0	0.0	0
1601	3	564.354	758.501	574.362	758.534	and	0.0	0.33	0.0	0.0	0.0	77	3	0.0	0.0	0.0	0
1602	3	576.03	758.501	587.034	758.534	until	0.0	0.33	0.0	0.0	0.0	177	5	0.0	0.0	0.0	0
1603	3	29.31	765.581	52.32	765.614	payment	0.0	0.29	0.0	0.0	0.0	118	7	0.0	0.0	0.0	0
1604	3	60.324	765.581	67.992	765.614	full	0.0	0.29	0.0	0.0	0.0	176	4	0.0	0.0	0.0	0
1605	3	75.66	765.581	98.334	765.614	received	0.0	0.28	0.0	0.0	0.0	164	8	0.0	0.0	0.0	0
1606	3	108.006	765.581	127.35	765.614	station.	0.0	0.33	0.0	0.0	0.0	57	8	0.0	0.0	0.0	0
1607	3	130.686	765.581	154.362	765.614	Payment	0.0	0.33	0.0	0.0	0.0	118	7	0.0	0.0	0.0	0
1608	3	164.034	765.581	190.374	765.614	advertiser	0.0	0.33	0.0	0.0	0.0	6	10	0.0	0.0	0.0	0
1609	3	198.714	765.581	218.058	765.614	agency	0.0	0.33	0.0	0.0	0.0	2	6	0.0	0.0	0.0	0
1610	3	233.4	765.581	252.402	765.614	service	0.0	0.28	0.0	0.0	0.0	169	7	0.0	0.0	0.0	0
1611	3	261.072	765.581	284.082	765.614	payment	0.0	0.28	0.0	0.0	0.0	118	7	0.0	0.0	0.0	0
1612	3	293.754	765.581	313.098	765.614	agency	0.0	0.25	0.0	0.0	0.0	2	6	0.0	0.0	0.0	0
1613	3	321.438	765.581	342.108	765.614	service,	0.0	0.39	0.0	0.0	0.0	169	8	0.0	0.0	0.0	0
1614	3	343.776	765.581	356.112	765.614	shall	0.0	0.41	0.0	0.0	0.0	137	5	0.0	0.0	0.0	0
1615	3	357.78	765.581	366.12	765.614	not	0.0	0.41	0.0	0.0	0.0	117	3	0.0	0.0	0.0	0
1616	3	367.788	765.581	393.468	765.614	constitute	0.0	0.41	0.0	0.0	0.0	156	10	0.0	0.0	0.0	0
1617	3	395.136	765.581	418.146	765.614	payment	0.0	0.4	0.0	0.0	0.0	118	7	0.0	0.0	0.0	0
1618	3	426.486	765.581	445.83	765.614	station.	0.0	0.39	0.0	0.0	0.0	57	8	0.0	0.0	0.0	0
1619	3	449.166	765.581	467.844	765.614	Station	0.0	0.39	0.0	0.0	0.0	57	7	0.0	0.0	0.0	0
1620	3	469.512	765.581	477.84	765.614	will	0.0	0.39	0.0	0.0	0.0	174	4	0.0	0.0	0.0	0
1621	3	479.508	765.581	487.848	765.614	not	0.0	0.39	0.0	0.0	0.0	117	3	0.0	0.0	0.0	0
1622	3	497.856	765.581	514.536	765.614	bound	0.0	0.31	0.0	0.0	0.0	202	5	0.0	0.0	0.0	0
1623	3	524.208	765.581	552.888	765.614	conditions.	0.0	0.34	0.0	0.0	0.0	125	11	0.0	0.0	0.0	0
1624	3	554.556	765.581	572.898	765.614	printed	0.0	0.34	0.0	0.0	0.0	159	7	0.0	0.0	0.0	0
1625	3	21.57	772.661	47.244	772.694	otherwise	0.0	0.32	0.0	0.0	0.0	146	9	0.0	0.0	0.0	0
1626	3	48.912	772.661	74.922	772.694	contracts,	0.0	0.3	0.0	0.0	0.0	130	10	0.0	0.0	0.0	0
1627	3	76.59	772.661	99.264	772.694	insertion	0.0	0.39	0.0	0.0	0.0	208	9	0.0	0.0	0.0	0
1628	3	100.932	772.661	119.604	772.694	orders,	0.0	0.39	0.0	0.0	0.0	54	7	0.0	0.0	0.0	0
1629	3	121.272	772.661	133.944	772.694	copy	0.0	0.39	0.0	0.0	0.0	206	4	0.0	0.0	0.0	0
1630	3	135.612	772.661	165.954	772.694	instructions	0.0	0.48	0.0	0.0	0.0	172	12	0.0	0.0	0.0	0
1631	3	174.624	772.661	184.296	772.694	any	0.0	0.48	0.0	0.0	0.0	126	3	0.0	0.0	0.0	0
1632	3	185.964	772.661	228.984	772.694	correspondence	0.0	0.48	0.0	0.0	0.0	183	14	0.0	0.0	0.0	0
1633	3	230.652	772.661	244.992	772.694	when	0.0	0.44	0.0	0.0	0.0	204	4	0.0	0.0	0.0	0
1634	3	246.66	772.661	259.332	772.694	such	0.0	0.37	0.0	0.0	0.0	168	4	0.0	0.0	0.0	0
1635	3	261.0	772.661	279.672	772.694	conflict	0.0	0.33	0.0	0.0	0.0	207	8	0.0	0.0	0.0	0
1636	3	281.34	772.661	292.008	772.694	with	0.0	0.33	0.0	0.0	0.0	101	4	0.0	0.0	0.0	0
1637	3	293.676	772.661	302.016	772.694	the	0.0	0.33	0.0	0.0	0.0	44	3	0.0	0.0	0.0	0
1638	3	303.684	772.661	320.028	772.694	above	0.0	0.33	0.0	0.0	0.0	135	5	0.0	0.0	0.0	0
1639	3	321.696	772.661	336.696	772.694	terms	0.0	0.2	0.0	0.0	0.0	100	5	0.0	0.0	0.0	0
1640	3	338.364	772.661	348.372	772.694	and	0.0	0.26	0.0	0.0	0.0	77	3	0.0	0.0	0.0	0
1641	3	350.04	772.661	378.72	772.694	conditions.	0.0	0.31	0.0	0.0	0.0	125	11	0.0	0.0	0.0	0
1642	3	382.056	772.661	393.39	772.694	Two	0.0	0.31	0.0	0.0	0.0	269	3	0.0	0.0	0.0	0
1643	3	395.058	772.661	409.062	772.694	week	0.0	0.31	0.0	0.0	0.0	29	4	0.0	0.0	0.0	0
1644	3	410.73	772.661	433.41	772.694	advance	0.0	0.31	0.0	0.0	0.0	209	7	0.0	0.0	0.0	0
1645	3	435.078	772.661	466.758	772.694	cancellation	0.0	0.35	0.0	0.0	0.0	230	12	0.0	0.0	0.0	0
1646	3	468.426	772.661	484.434	772.694	notice	0.0	0.35	0.0	0.0	0.0	196	6	0.0	0.0	0.0	0
1647	3	492.102	772.661	514.11	772.694	required	0.0	0.35	0.0	0.0	0.0	222	8	0.0	0.0	0.0	0
1648	3	515.778	772.661	533.118	772.694	unless	0.0	0.36	0.0	0.0	0.0	205	6	0.0	0.0	0.0	0
1649	3	534.786	772.661	560.46	772.694	otherwise	0.0	0.36	0.0	0.0	0.0	146	9	0.0	0.0	0.0	0
1650	3	562.128	772.661	587.472	772.694	specified.	0.0	0.36	0.0	0.0	0.0	153	10	0.0	0.0	0.0	0
1651	4	18.0	25.174	48.232	25.217	Contract	0.0	0.36	0.0	0.0	0.0	53	8	0.0	0.0	0.0	0
1652	4	50.456	25.174	89.584	25.217	Agreement	0.0	0.35	0.0	0.0	0.0	115	9	0.0	0.0	0.0	0
1653	4	91.808	25.174	125.16	25.217	Between:	0.0	0.35	0.0	0.0	0.0	120	8	0.0	0.0	0.0	0
1654	4	433.023	25.174	449.471	25.217	Print	0.0	0.31	0.0	0.0	0.0	37	5	0.0	0.0	0.0	0
1655	4	451.695	25.174	468.591	25.217	Date	0.0	0.27	0.0	0.0	0.0	8	4	0.0	0.0	0.0	0
1656	4	474.001	25.174	505.137	25.217	09/20/12	0.0	0.16	0.0	0.0	0.0	0	8	0.75	0.0	0.0	0
1657	4	533.251	25.174	551.931	25.217	Page	0.0	0.16	0.0	0.0	0.0	7	4	0.0	0.0	0.0	0
1658	4	406.681	55.174	436.913	55.217	Contract	0.0	0.4	0.0	0.0	0.0	53	8	0.0	0.0	0.0	0
1659	4	443.585	55.174	474.257	55.217	Revision	0.0	0.4	0.0	0.0	0.0	75	8	0.0	0.0	0.0	0
1660	4	495.842	55.174	505.178	55.217	Alt	0.0	0.4	0.0	0.0	0.0	31	3	0.0	0.0	0.0	0
1661	4	507.402	55.174	527.85	55.217	Order	0.0	0.39	0.0	0.0	0.0	9	5	0.0	0.0	0.0	0
1662	4	119.999	60.957	147.219	61.012	KSAZ	0.0	0.2	0.0	0.0	0.0	618	4	0.0	0.0	0.0	0
1663	4	414.781	67.174	445.917	67.217	4073432	0.0	0.23	0.0	0.0	0.44	0	7	1.0	1.0	15.219996	0
1664	4	495.842	67.174	523.402	67.217	Political	0.0	0.26	0.0	0.0	0.0	160	9	0.0	0.0	0.0	0
1665	4	525.626	67.174	544.746	67.217	Issue	0.0	0.26	0.0	0.0	0.0	343	5	0.0	0.0	0.0	0
1666	4	119.999	72.957	136.679	73.012	511	0.0	0.25	0.0	0.0	0.57	0	3	1.0	1.0	6.2383246	0
1667	4	154.459	72.957	187.799	73.012	Adams	0.0	0.24	0.0	0.0	0.0	1426	5	0.0	0.0	0.0	0
1668	4	190.579	72.957	218.919	73.012	Street	0.0	0.24	0.0	0.0	0.0	162	6	0.0	0.0	0.0	0
1669	4	119.999	84.957	161.679	85.012	Phoenix,	0.0	0.29	0.0	0.0	0.0	1269	8	0.0	0.0	0.0	0
1670	4	183.349	84.957	211.149	85.012	85003	0.0	0.29	0.0	0.0	0.75	0	5	1.0	1.0	11.350453	0
1671	4	309.002	85.174	339.234	85.217	Contract	0.0	0.32	0.0	0.0	0.0	53	8	0.0	0.0	0.0	0
1672	4	341.458	85.174	362.354	85.217	Dates	0.0	0.32	0.0	0.0	0.0	18	5	0.0	0.0	0.0	0
1673	4	405.751	85.174	433.319	85.217	Product	0.0	0.32	0.0	0.0	0.0	5	7	0.0	0.0	0.0	0
1674	4	495.0	85.174	526.12	85.217	Estimate	0.0	0.32	0.0	0.0	0.0	23	8	0.0	0.0	0.0	0
1675	4	119.999	96.957	143.339	97.012	(602)	0.0	0.11	0.0	0.0	0.0	0	5	0.6	0.0	0.0	0
1676	4	146.119	96.957	188.369	97.012	257-1234	0.0	0.1	0.0	0.0	0.0	0	8	0.875	0.0	0.0	0
1677	4	309.002	97.414	340.138	97.458	09/21/12	0.0	0.13	0.0	0.0	0.0	0	8	0.75	0.0	0.0	0
1678	4	347.25	97.414	378.386	97.458	09/27/12	0.0	0.15	0.0	0.0	0.0	0	8	0.75	0.0	0.0	0
1679	4	406.681	97.174	429.785	97.217	NRCC	0.0	0.18	0.0	0.0	0.0	1107	4	0.0	0.0	0.0	0
1680	4	441.793	97.174	484.033	97.217	2012-SKED	0.0	0.15	0.0	0.0	0.0	699	9	0.44444445	0.0	0.0	0
1681	4	495.842	97.414	513.634	97.458	3215	0.0	0.3	0.0	0.0	0.53	0	4	1.0	1.0	8.075893	0
1682	4	309.002	115.174	345.01	115.217	Advertiser	0.0	0.32	0.0	0.0	0.0	6	10	0.0	0.0	0.0	0
1683	4	475.501	115.174	503.061	115.217	Original	0.0	0.36	0.0	0.0	0.0	39	8	0.0	0.0	0.0	0
1684	4	505.285	115.174	522.181	115.217	Date	0.0	0.36	0.0	0.0	0.0	8	4	0.0	0.0	0.0	0
1685	4	528.853	115.174	559.525	115.217	Revision	0.0	0.36	0.0	0.0	0.0	75	8	0.0	0.0	0.0	0
1686	4	309.002	128.914	332.106	128.958	NRCC	0.0	0.35	0.0	0.0	0.0	1107	4	0.0	0.0	0.0	0
1687	4	483.54	127.174	514.676	127.217	09/19/12	0.0	0.27	0.0	0.0	0.0	0	8	0.75	0.0	0.0	0
1688	4	536.416	127.174	567.552	127.217	09/20/12	0.0	0.17	0.0	0.0	0.0	0	8	0.75	0.0	0.0	0
1689	4	401.25	151.261	426.765	151.309	Spots/	0.0	0.24	0.0	0.0	0.0	4	6	0.0	0.0	0.0	0
1690	4	20.251	162.511	41.759	163.401	*Line	0.0	0.31	0.0	0.0	0.0	89	5	0.0	0.0	0.0	0
1691	4	69.749	162.511	88.757	162.559	Start	0.0	0.31	0.0	0.0	0.0	26	5	0.0	0.0	0.0	0
1692	4	91.259	162.511	128.512	162.559	DateEnd	0.0	0.31	0.0	0.0	0.0	144	7	0.0	0.0	0.0	0
1693	4	131.014	162.511	150.022	162.559	Date	0.0	0.29	0.0	0.0	0.0	8	4	0.0	0.0	0.0	0
1694	4	155.251	162.511	200.26	162.559	Description	0.0	0.29	0.0	0.0	0.0	62	11	0.0	0.0	0.0	0
1695	4	260.252	162.511	297.773	162.559	Start/End	0.0	0.29	0.0	0.0	0.0	35	9	0.0	0.0	0.0	0
1696	4	300.275	162.511	320.273	162.559	Time	0.0	0.34	0.0	0.0	0.0	22	4	0.0	0.0	0.0	0
1697	4	333.751	162.511	354.253	162.559	Days	0.0	0.34	0.0	0.0	0.0	38	4	0.0	0.0	0.0	0
1698	4	369.0	162.511	396.522	162.559	Length	0.0	0.34	0.0	0.0	0.0	56	6	0.0	0.0	0.0	0
1699	4	401.25	162.511	424.254	162.559	Week	0.0	0.34	0.0	0.0	0.0	29	4	0.0	0.0	0.0	0
1700	4	444.75	162.511	463.758	162.559	Rate	0.0	0.34	0.0	0.0	0.0	13	4	0.0	0.0	0.0	0
1701	4	489.002	162.511	533.014	162.559	TypeSpots	0.0	0.34	0.0	0.0	0.0	158	9	0.0	0.0	0.0	0
1702	4	558.751	162.511	589.765	162.559	Amount	0.0	0.34	0.0	0.0	0.0	25	6	0.0	0.0	0.0	0
1703	4	51.749	175.174	68.645	175.217	Start	0.0	0.34	0.0	0.0	0.0	26	5	0.0	0.0	0.0	0
1704	4	70.869	175.174	87.765	175.217	Date	0.0	0.24	0.0	0.0	0.0	8	4	0.0	0.0	0.0	0
1705	4	99.0	175.174	113.232	175.217	End	0.0	0.31	0.0	0.0	0.0	28	3	0.0	0.0	0.0	0
1706	4	115.456	175.174	132.352	175.217	Date	0.0	0.31	0.0	0.0	0.0	8	4	0.0	0.0	0.0	0
1707	4	144.751	175.174	182.095	175.217	Weekdays	0.0	0.31	0.0	0.0	0.0	42	8	0.0	0.0	0.0	0
1708	4	204.749	175.174	247.877	175.217	Spots/Week	0.0	0.31	0.0	0.0	0.0	33	10	0.0	0.0	0.0	0
1709	4	285.001	175.174	301.897	175.217	Rate	0.0	0.27	0.0	0.0	0.0	13	4	0.0	0.0	0.0	0
1710	4	25.5	184.174	48.172	184.217	Week:	0.0	0.2	0.0	0.0	0.0	29	5	0.0	0.0	0.0	0
1711	4	51.749	184.174	82.885	184.217	09/24/12	0.0	0.18	0.0	0.0	0.0	0	8	0.75	0.0	0.0	0
1712	4	99.0	184.174	130.136	184.217	09/30/12	0.0	0.15	0.0	0.0	0.0	0	8	0.75	0.0	0.0	0
1713	4	144.751	184.089	178.519	184.126	---T---	0.0	0.06	0.0	0.0	0.0	92	7	0.0	0.0	0.0	0
1714	4	265.893	184.174	301.477	184.217	$1,800.00	0.0	0.07	0.0	0.0	0.67	0	9	0.6666667	1.0	7.4960976	0
1715	4	45.0	197.674	65.896	197.717	KSAZ	0.0	0.09	0.0	0.0	0.0	618	4	0.0	0.0	0.0	0
1716	4	71.249	197.674	102.385	197.717	09/21/12	0.0	0.07	0.0	0.0	0.0	0	8	0.75	0.0	0.0	0
1717	4	113.25	197.674	144.386	197.717	09/21/12	0.0	0.1	0.0	0.0	0.0	0	8	0.75	0.0	0.0	0
1718	4	155.251	197.674	169.467	197.717	M-F	0.0	0.11	0.0	0.0	0.0	47	3	0.0	0.0	0.0	0
1719	4	171.691	197.674	196.595	197.717	9p-10p	0.0	0.12	0.0	0.0	0.0	72	6	0.5	0.0	0.0	0
1720	4	198.819	197.674	218.819	197.717	News	0.0	0.14	0.0	0.0	0.0	17	4	0.0	0.0	0.0	0
1721	4	260.252	197.674	294.052	197.717	930p-10p	0.0	0.12	0.0	0.0	0.0	72	8	0.625	0.0	0.0	0
1722	4	386.371	197.674	397.491	197.717	:30	0.0	0.11	0.0	0.0	0.0	0	3	0.6666667	0.0	0.0	0
1723	4	556.889	197.674	592.473	197.717	$1,800.00	0.0	0.24	0.0	0.0	0.67	0	9	0.6666667	1.0	7.4960976	0
1724	4	45.0	209.674	72.56	209.717	Political	0.0	0.32	0.0	0.0	0.0	160	9	0.0	0.0	0.0	0
1725	4	74.784	209.674	93.904	209.717	Issue	0.0	0.32	0.0	0.0	0.0	343	5	0.0	0.0	0.0	0
1726	4	51.749	218.674	68.645	218.717	Start	0.0	0.32	0.0	0.0	0.0	26	5	0.0	0.0	0.0	0
1727	4	70.869	218.674	87.765	218.717	Date	0.0	0.32	0.0	0.0	0.0	8	4	0.0	0.0	0.0	0
1728	4	99.0	218.674	113.232	218.717	End	0.0	0.32	0.0	0.0	0.0	28	3	0.0	0.0	0.0	0
1729	4	115.456	218.674	132.352	218.717	Date	0.0	0.31	0.0	0.0	0.0	8	4	0.0	0.0	0.0	0
1730	4	144.751	218.674	182.095	218.717	Weekdays	0.0	0.31	0.0	0.0	0.0	42	8	0.0	0.0	0.0	0
1731	4	204.749	218.674	247.877	218.717	Spots/Week	0.0	0.31	0.0	0.0	0.0	33	10	0.0	0.0	0.0	0
1732	4	285.001	218.674	301.897	218.717	Rate	0.0	0.27	0.0	0.0	0.0	13	4	0.0	0.0	0.0	0
1733	4	25.5	227.674	48.172	227.717	Week:	0.0	0.2	0.0	0.0	0.0	29	5	0.0	0.0	0.0	0
1734	4	51.749	227.674	82.885	227.717	09/17/12	0.0	0.18	0.0	0.0	0.0	0	8	0.75	0.0	0.0	0
1735	4	99.0	227.674	130.136	227.717	09/23/12	0.0	0.15	0.0	0.0	0.0	0	8	0.75	0.0	0.0	0
1736	4	144.751	227.589	178.519	227.626	----F--	0.0	0.06	0.0	0.0	0.0	94	7	0.0	0.0	0.0	0
1737	4	265.893	227.674	301.477	227.717	$1,800.00	0.0	0.07	0.0	0.0	0.67	0	9	0.6666667	1.0	7.4960976	0
1738	4	45.0	241.164	65.896	241.207	KSAZ	0.0	0.09	0.0	0.0	0.0	618	4	0.0	0.0	0.0	0
1739	4	71.249	241.164	102.385	241.207	09/24/12	0.0	0.07	0.0	0.0	0.0	0	8	0.75	0.0	0.0	0
1740	4	113.25	241.164	144.386	241.207	09/24/12	0.0	0.1	0.0	0.0	0.0	0	8	0.75	0.0	0.0	0
1741	4	155.251	241.164	169.467	241.207	M-F	0.0	0.11	0.0	0.0	0.0	47	3	0.0	0.0	0.0	0
1742	4	171.691	241.164	196.595	241.207	9p-10p	0.0	0.12	0.0	0.0	0.0	72	6	0.5	0.0	0.0	0
1743	4	198.819	241.164	218.819	241.207	News	0.0	0.14	0.0	0.0	0.0	17	4	0.0	0.0	0.0	0
1744	4	260.252	241.164	294.052	241.207	930p-10p	0.0	0.12	0.0	0.0	0.0	72	8	0.625	0.0	0.0	0
1745	4	386.371	241.164	397.491	241.207	:30	0.0	0.11	0.0	0.0	0.0	0	3	0.6666667	0.0	0.0	0
1746	4	556.889	241.164	592.473	241.207	$1,800.00	0.0	0.24	0.0	0.0	0.67	0	9	0.6666667	1.0	7.4960976	0
1747	4	45.0	253.164	72.56	253.207	Political	0.0	0.32	0.0	0.0	0.0	160	9	0.0	0.0	0.0	0
1748	4	74.784	253.164	93.904	253.207	Issue	0.0	0.32	0.0	0.0	0.0	343	5	0.0	0.0	0.0	0
1749	4	51.749	262.164	68.645	262.207	Start	0.0	0.32	0.0	0.0	0.0	26	5	0.0	0.0	0.0	0
1750	4	70.869	262.164	87.765	262.207	Date	0.0	0.32	0.0	0.0	0.0	8	4	0.0	0.0	0.0	0
1751	4	99.0	262.164	113.232	262.207	End	0.0	0.32	0.0	0.0	0.0	28	3	0.0	0.0	0.0	0
1752	4	115.456	262.164	132.352	262.207	Date	0.0	0.31	0.0	0.0	0.0	8	4	0.0	0.0	0.0	0
1753	4	144.751	262.164	182.095	262.207	Weekdays	0.0	0.31	0.0	0.0	0.0	42	8	0.0	0.0	0.0	0
1754	4	204.749	262.164	247.877	262.207	Spots/Week	0.0	0.31	0.0	0.0	0.0	33	10	0.0	0.0	0.0	0
1755	4	285.001	262.164	301.897	262.207	Rate	0.0	0.27	0.0	0.0	0.0	13	4	0.0	0.0	0.0	0
1756	4	25.5	271.164	48.172	271.207	Week:	0.0	0.2	0.0	0.0	0.0	29	5	0.0	0.0	0.0	0
1757	4	51.749	271.164	82.885	271.207	09/24/12	0.0	0.18	0.0	0.0	0.0	0	8	0.75	0.0	0.0	0
1758	4	99.0	271.164	130.136	271.207	09/30/12	0.0	0.15	0.0	0.0	0.0	0	8	0.75	0.0	0.0	0
1759	4	144.751	271.079	178.519	271.116	M------	0.0	0.06	0.0	0.0	0.0	60	7	0.0	0.0	0.0	0
1760	4	265.893	271.164	301.477	271.207	$1,800.00	0.0	0.07	0.0	0.0	0.67	0	9	0.6666667	1.0	7.4960976	0
1761	4	45.0	284.664	65.896	284.707	KSAZ	0.0	0.09	0.0	0.0	0.0	618	4	0.0	0.0	0.0	0
1762	4	71.249	284.664	102.385	284.707	09/25/12	0.0	0.07	0.0	0.0	0.0	0	8	0.75	0.0	0.0	0
1763	4	113.25	284.664	144.386	284.707	09/25/12	0.0	0.1	0.0	0.0	0.0	0	8	0.75	0.0	0.0	0
1764	4	155.251	284.664	169.467	284.707	M-F	0.0	0.11	0.0	0.0	0.0	47	3	0.0	0.0	0.0	0
1765	4	171.691	284.664	196.595	284.707	9p-10p	0.0	0.12	0.0	0.0	0.0	72	6	0.5	0.0	0.0	0
1766	4	198.819	284.664	218.819	284.707	News	0.0	0.14	0.0	0.0	0.0	17	4	0.0	0.0	0.0	0
1767	4	260.252	284.664	294.052	284.707	930p-10p	0.0	0.12	0.0	0.0	0.0	72	8	0.625	0.0	0.0	0
1768	4	386.371	284.664	397.491	284.707	:30	0.0	0.11	0.0	0.0	0.0	0	3	0.6666667	0.0	0.0	0
1769	4	556.889	284.664	592.473	284.707	$1,800.00	0.0	0.24	0.0	0.0	0.67	0	9	0.6666667	1.0	7.4960976	0
1770	4	45.0	296.664	72.56	296.707	Political	0.0	0.32	0.0	0.0	0.0	160	9	0.0	0.0	0.0	0
1771	4	74.784	296.664	93.904	296.707	Issue	0.0	0.32	0.0	0.0	0.0	343	5	0.0	0.0	0.0	0
1772	4	51.749	305.664	68.645	305.707	Start	0.0	0.32	0.0	0.0	0.0	26	5	0.0	0.0	0.0	0
1773	4	70.869	305.664	87.765	305.707	Date	0.0	0.32	0.0	0.0	0.0	8	4	0.0	0.0	0.0	0
1774	4	99.0	305.664	113.232	305.707	End	0.0	0.32	0.0	0.0	0.0	28	3	0.0	0.0	0.0	0
1775	4	115.456	305.664	132.352	305.707	Date	0.0	0.31	0.0	0.0	0.0	8	4	0.0	0.0	0.0	0
1776	4	144.751	305.664	182.095	305.707	Weekdays	0.0	0.31	0.0	0.0	0.0	42	8	0.0	0.0	0.0	0
1777	4	204.749	305.664	247.877	305.707	Spots/Week	0.0	0.31	0.0	0.0	0.0	33	10	0.0	0.0	0.0	0
1778	4	285.001	305.664	301.897	305.707	Rate	0.0	0.27	0.0	0.0	0.0	13	4	0.0	0.0	0.0	0
1779	4	25.5	314.664	48.172	314.707	Week:	0.0	0.2	0.0	0.0	0.0	29	5	0.0	0.0	0.0	0
1780	4	51.749	314.664	82.885	314.707	09/24/12	0.0	0.18	0.0	0.0	0.0	0	8	0.75	0.0	0.0	0
1781	4	99.0	314.664	130.136	314.707	09/30/12	0.0	0.15	0.0	0.0	0.0	0	8	0.75	0.0	0.0	0
1782	4	144.751	314.579	178.519	314.616	-T-----	0.0	0.06	0.0	0.0	0.0	92	7	0.0	0.0	0.0	0
1783	4	265.893	314.664	301.477	314.707	$1,800.00	0.0	0.07	0.0	0.0	0.67	0	9	0.6666667	1.0	7.4960976	0
1784	4	45.0	328.164	65.896	328.207	KSAZ	0.0	0.09	0.0	0.0	0.0	618	4	0.0	0.0	0.0	0
1785	4	71.249	328.164	102.385	328.207	09/26/12	0.0	0.07	0.0	0.0	0.0	0	8	0.75	0.0	0.0	0
1786	4	113.25	328.164	144.386	328.207	09/26/12	0.0	0.1	0.0	0.0	0.0	0	8	0.75	0.0	0.0	0
1787	4	155.251	328.164	169.467	328.207	M-F	0.0	0.11	0.0	0.0	0.0	47	3	0.0	0.0	0.0	0
1788	4	171.691	328.164	196.595	328.207	9p-10p	0.0	0.12	0.0	0.0	0.0	72	6	0.5	0.0	0.0	0
1789	4	198.819	328.164	218.819	328.207	News	0.0	0.14	0.0	0.0	0.0	17	4	0.0	0.0	0.0	0
1790	4	260.252	328.164	294.052	328.207	930p-10p	0.0	0.12	0.0	0.0	0.0	72	8	0.625	0.0	0.0	0
1791	4	386.371	328.164	397.491	328.207	:30	0.0	0.11	0.0	0.0	0.0	0	3	0.6666667	0.0	0.0	0
1792	4	556.889	328.164	592.473	328.207	$1,800.00	0.0	0.24	0.0	0.0	0.67	0	9	0.6666667	1.0	7.4960976	0
1793	4	45.0	340.164	72.56	340.207	Political	0.0	0.32	0.0	0.0	0.0	160	9	0.0	0.0	0.0	0
1794	4	74.784	340.164	93.904	340.207	Issue	0.0	0.32	0.0	0.0	0.0	343	5	0.0	0.0	0.0	0
1795	4	51.749	349.164	68.645	349.207	Start	0.0	0.32	0.0	0.0	0.0	26	5	0.0	0.0	0.0	0
1796	4	70.869	349.164	87.765	349.207	Date	0.0	0.32	0.0	0.0	0.0	8	4	0.0	0.0	0.0	0
1797	4	99.0	349.164	113.232	349.207	End	0.0	0.32	0.0	0.0	0.0	28	3	0.0	0.0	0.0	0
1798	4	115.456	349.164	132.352	349.207	Date	0.0	0.31	0.0	0.0	0.0	8	4	0.0	0.0	0.0	0
1799	4	144.751	349.164	182.095	349.207	Weekdays	0.0	0.31	0.0	0.0	0.0	42	8	0.0	0.0	0.0	0
1800	4	204.749	349.164	247.877	349.207	Spots/Week	0.0	0.31	0.0	0.0	0.0	33	10	0.0	0.0	0.0	0
1801	4	285.001	349.164	301.897	349.207	Rate	0.0	0.27	0.0	0.0	0.0	13	4	0.0	0.0	0.0	0
1802	4	25.5	358.164	48.172	358.207	Week:	0.0	0.2	0.0	0.0	0.0	29	5	0.0	0.0	0.0	0
1803	4	51.749	358.164	82.885	358.207	09/24/12	0.0	0.18	0.0	0.0	0.0	0	8	0.75	0.0	0.0	0
1804	4	99.0	358.164	130.136	358.207	09/30/12	0.0	0.15	0.0	0.0	0.0	0	8	0.75	0.0	0.0	0
1805	4	144.751	358.079	178.519	358.116	--W----	0.0	0.06	0.0	0.0	0.0	105	7	0.0	0.0	0.0	0
1806	4	265.893	358.164	301.477	358.207	$1,800.00	0.0	0.07	0.0	0.0	0.67	0	9	0.6666667	1.0	7.4960976	0
1807	4	45.0	371.664	65.896	371.707	KSAZ	0.0	0.09	0.0	0.0	0.0	618	4	0.0	0.0	0.0	0
1808	4	71.249	371.664	102.385	371.707	09/27/12	0.0	0.07	0.0	0.0	0.0	0	8	0.75	0.0	0.0	0
1809	4	113.25	371.664	144.386	371.707	09/27/12	0.0	0.1	0.0	0.0	0.0	0	8	0.75	0.0	0.0	0
1810	4	155.251	371.664	169.467	371.707	M-F	0.0	0.11	0.0	0.0	0.0	47	3	0.0	0.0	0.0	0
1811	4	171.691	371.664	196.595	371.707	9p-10p	0.0	0.12	0.0	0.0	0.0	72	6	0.5	0.0	0.0	0
1812	4	198.819	371.664	218.819	371.707	News	0.0	0.14	0.0	0.0	0.0	17	4	0.0	0.0	0.0	0
1813	4	260.252	371.664	294.052	371.707	930p-10p	0.0	0.12	0.0	0.0	0.0	72	8	0.625	0.0	0.0	0
1814	4	386.371	371.664	397.491	371.707	:30	0.0	0.11	0.0	0.0	0.0	0	3	0.6666667	0.0	0.0	0
1815	4	556.889	371.664	592.473	371.707	$1,800.00	0.0	0.24	0.0	0.0	0.67	0	9	0.6666667	1.0	7.4960976	0
1816	4	45.0	383.664	72.56	383.707	Political	0.0	0.32	0.0	0.0	0.0	160	9	0.0	0.0	0.0	0
1817	4	74.784	383.664	93.904	383.707	Issue	0.0	0.32	0.0	0.0	0.0	343	5	0.0	0.0	0.0	0
1818	4	51.749	392.664	68.645	392.707	Start	0.0	0.32	0.0	0.0	0.0	26	5	0.0	0.0	0.0	0
1819	4	70.869	392.664	87.765	392.707	Date	0.0	0.32	0.0	0.0	0.0	8	4	0.0	0.0	0.0	0
1820	4	99.0	392.664	113.232	392.707	End	0.0	0.32	0.0	0.0	0.0	28	3	0.0	0.0	0.0	0
1821	4	115.456	392.664	132.352	392.707	Date	0.0	0.31	0.0	0.0	0.0	8	4	0.0	0.0	0.0	0
1822	4	144.751	392.664	182.095	392.707	Weekdays	0.0	0.31	0.0	0.0	0.0	42	8	0.0	0.0	0.0	0
1823	4	204.749	392.664	247.877	392.707	Spots/Week	0.0	0.31	0.0	0.0	0.0	33	10	0.0	0.0	0.0	0
1824	4	285.001	392.664	301.897	392.707	Rate	0.0	0.27	0.0	0.0	0.0	13	4	0.0	0.0	0.0	0
1825	4	25.5	401.664	48.172	401.707	Week:	0.0	0.2	0.0	0.0	0.0	29	5	0.0	0.0	0.0	0
1826	4	51.749	401.664	82.885	401.707	09/24/12	0.0	0.18	0.0	0.0	0.0	0	8	0.75	0.0	0.0	0
1827	4	99.0	401.664	130.136	401.707	09/30/12	0.0	0.15	0.0	0.0	0.0	0	8	0.75	0.0	0.0	0
1828	4	144.751	401.579	178.519	401.616	---T---	0.0	0.06	0.0	0.0	0.0	92	7	0.0	0.0	0.0	0
1829	4	265.893	401.664	301.477	401.707	$1,800.00	0.0	0.07	0.0	0.0	0.67	0	9	0.6666667	1.0	7.4960976	0
1830	4	45.0	415.154	65.896	415.197	KSAZ	0.0	0.09	0.0	0.0	0.0	618	4	0.0	0.0	0.0	0
1831	4	71.249	415.154	102.385	415.197	09/22/12	0.0	0.07	0.0	0.0	0.0	0	8	0.75	0.0	0.0	0
1832	4	113.25	415.154	144.386	415.197	09/22/12	0.0	0.1	0.0	0.0	0.0	0	8	0.75	0.0	0.0	0
1833	4	167.259	415.154	192.163	415.197	9p-10p	0.0	0.12	0.0	0.0	0.0	72	6	0.5	0.0	0.0	0
1834	4	194.387	415.154	214.387	415.197	News	0.0	0.14	0.0	0.0	0.0	17	4	0.0	0.0	0.0	0
1835	4	260.252	415.154	285.156	415.197	9p-10p	0.0	0.12	0.0	0.0	0.0	72	6	0.5	0.0	0.0	0
1836	4	386.371	415.154	397.491	415.197	:30	0.0	0.11	0.0	0.0	0.0	0	3	0.6666667	0.0	0.0	0
1837	4	556.889	415.154	592.473	415.197	$1,000.00	0.0	0.24	0.0	0.0	0.67	0	9	0.6666667	1.0	6.908755	0
1838	4	45.0	427.154	72.56	427.197	Political	0.0	0.32	0.0	0.0	0.0	160	9	0.0	0.0	0.0	0
1839	4	74.784	427.154	93.904	427.197	Issue	0.0	0.32	0.0	0.0	0.0	343	5	0.0	0.0	0.0	0
1840	4	51.749	436.154	68.645	436.197	Start	0.0	0.32	0.0	0.0	0.0	26	5	0.0	0.0	0.0	0
1841	4	70.869	436.154	87.765	436.197	Date	0.0	0.32	0.0	0.0	0.0	8	4	0.0	0.0	0.0	0
1842	4	99.0	436.154	113.232	436.197	End	0.0	0.32	0.0	0.0	0.0	28	3	0.0	0.0	0.0	0
1843	4	115.456	436.154	132.352	436.197	Date	0.0	0.31	0.0	0.0	0.0	8	4	0.0	0.0	0.0	0
1844	4	144.751	436.154	182.095	436.197	Weekdays	0.0	0.31	0.0	0.0	0.0	42	8	0.0	0.0	0.0	0
1845	4	204.749	436.154	247.877	436.197	Spots/Week	0.0	0.31	0.0	0.0	0.0	33	10	0.0	0.0	0.0	0
1846	4	285.001	436.154	301.897	436.197	Rate	0.0	0.27	0.0	0.0	0.0	13	4	0.0	0.0	0.0	0
1847	4	25.5	445.154	48.172	445.197	Week:	0.0	0.2	0.0	0.0	0.0	29	5	0.0	0.0	0.0	0
1848	4	51.749	445.154	82.885	445.197	09/17/12	0.0	0.18	0.0	0.0	0.0	0	8	0.75	0.0	0.0	0
1849	4	99.0	445.154	130.136	445.197	09/23/12	0.0	0.15	0.0	0.0	0.0	0	8	0.75	0.0	0.0	0
1850	4	144.751	445.069	178.519	445.106	-----S-	0.0	0.06	0.0	0.0	0.0	49	7	0.0	0.0	0.0	0
1851	4	265.893	445.154	301.477	445.197	$1,000.00	0.0	0.07	0.0	0.0	0.67	0	9	0.6666667	1.0	6.908755	0
1852	4	45.0	458.654	65.896	458.697	KSAZ	0.0	0.09	0.0	0.0	0.0	618	4	0.0	0.0	0.0	0
1853	4	71.249	458.654	102.385	458.697	09/23/12	0.0	0.07	0.0	0.0	0.0	0	8	0.75	0.0	0.0	0
1854	4	113.25	458.654	144.386	458.697	09/23/12	0.0	0.1	0.0	0.0	0.0	0	8	0.75	0.0	0.0	0
1855	4	167.259	458.654	192.163	458.697	9p-10p	0.0	0.12	0.0	0.0	0.0	72	6	0.5	0.0	0.0	0
1856	4	194.387	458.654	214.387	458.697	News	0.0	0.14	0.0	0.0	0.0	17	4	0.0	0.0	0.0	0
1857	4	260.252	458.654	285.156	458.697	9p-10p	0.0	0.12	0.0	0.0	0.0	72	6	0.5	0.0	0.0	0
1858	4	386.371	458.654	397.491	458.697	:30	0.0	0.11	0.0	0.0	0.0	0	3	0.6666667	0.0	0.0	0
1859	4	556.889	458.654	592.473	458.697	$1,600.00	0.0	0.24	0.0	0.0	0.67	0	9	0.6666667	1.0	7.3783836	0
1860	4	45.0	470.654	72.56	470.697	Political	0.0	0.32	0.0	0.0	0.0	160	9	0.0	0.0	0.0	0
1861	4	74.784	470.654	93.904	470.697	Issue	0.0	0.32	0.0	0.0	0.0	343	5	0.0	0.0	0.0	0
1862	4	51.749	479.654	68.645	479.697	Start	0.0	0.32	0.0	0.0	0.0	26	5	0.0	0.0	0.0	0
1863	4	70.869	479.654	87.765	479.697	Date	0.0	0.32	0.0	0.0	0.0	8	4	0.0	0.0	0.0	0
1864	4	99.0	479.654	113.232	479.697	End	0.0	0.32	0.0	0.0	0.0	28	3	0.0	0.0	0.0	0
1865	4	115.456	479.654	132.352	479.697	Date	0.0	0.31	0.0	0.0	0.0	8	4	0.0	0.0	0.0	0
1866	4	144.751	479.654	182.095	479.697	Weekdays	0.0	0.31	0.0	0.0	0.0	42	8	0.0	0.0	0.0	0
1867	4	204.749	479.654	247.877	479.697	Spots/Week	0.0	0.31	0.0	0.0	0.0	33	10	0.0	0.0	0.0	0
1868	4	285.001	479.654	301.897	479.697	Rate	0.0	0.27	0.0	0.0	0.0	13	4	0.0	0.0	0.0	0
1869	4	25.5	488.654	48.172	488.697	Week:	0.0	0.2	0.0	0.0	0.0	29	5	0.0	0.0	0.0	0
1870	4	51.749	488.654	82.885	488.697	09/17/12	0.0	0.18	0.0	0.0	0.0	0	8	0.75	0.0	0.0	0
1871	4	99.0	488.654	130.136	488.697	09/23/12	0.0	0.15	0.0	0.0	0.0	0	8	0.75	0.0	0.0	0
1872	4	144.751	488.569	178.519	488.606	------S	0.0	0.16	0.0	0.0	0.0	49	7	0.0	0.0	0.0	0
1873	4	265.893	488.654	301.477	488.697	$1,600.00	0.0	0.18	0.0	0.0	0.67	0	9	0.6666667	1.0	7.3783836	0
1874	4	410.146	506.077	437.376	506.131	Totals	0.0	0.22	0.0	0.0	0.0	30	6	0.0	0.0	0.0	0
1875	4	552.452	504.404	592.484	504.447	$55,700.00	0.0	0.17	0.0	0.0	1.0	0	10	0.7	1.0	10.927753	gross_amount
1876	4	18.0	516.491	36.504	516.539	*Tax	0.0	0.18	0.0	0.0	0.0	319	4	0.0	0.0	0.0	0
1877	4	46.512	516.491	68.022	516.539	Note:	0.0	0.23	0.0	0.0	0.0	371	5	0.0	0.0	0.0	0
1878	4	70.524	516.491	103.041	516.539	Phoenix	0.0	0.24	0.0	0.0	0.0	1269	7	0.0	0.0	0.0	0
1879	4	105.543	516.491	121.041	516.539	City	0.0	0.24	0.0	0.0	0.0	551	4	0.0	0.0	0.0	0
1880	4	123.543	516.491	146.052	516.539	Sales	0.0	0.24	0.0	0.0	0.0	10	5	0.0	0.0	0.0	0
1881	4	148.554	516.491	163.557	516.539	Tax	0.0	0.28	0.0	0.0	0.0	319	3	0.0	0.0	0.0	0
1882	4	166.059	516.491	189.072	516.539	0.5%.	0.0	0.28	0.0	0.0	0.0	0	5	0.4	0.0	0.0	0
1883	4	18.0	530.741	37.998	530.789	Time	0.0	0.3	0.0	0.0	0.0	22	4	0.0	0.0	0.0	0
1884	4	40.5	530.741	66.51	530.789	Period	0.0	0.3	0.0	0.0	0.0	107	6	0.0	0.0	0.0	0
1885	4	134.544	530.741	157.557	530.789	Spots	0.0	0.31	0.0	0.0	0.0	4	5	0.0	0.0	0.0	0
1886	4	172.529	530.741	196.532	530.789	Gross	0.0	0.31	0.0	0.0	0.0	20	5	0.0	0.0	0.0	0
1887	4	199.034	530.741	230.048	530.789	Amount	0.0	0.31	0.0	0.0	0.0	25	6	0.0	0.0	0.0	0
1888	4	255.029	530.741	269.033	530.789	Net	0.0	0.31	0.0	0.0	0.0	14	3	0.0	0.0	0.0	0
1889	4	271.535	530.741	302.549	530.789	Amount	0.0	0.3	0.0	0.0	0.0	25	6	0.0	0.0	0.0	0
1890	4	339.481	530.741	357.985	530.789	*Tax	0.0	0.21	0.0	0.0	0.0	319	4	0.0	0.0	0.0	0
1891	4	495.843	530.741	515.85	530.789	Total	0.0	0.21	0.0	0.0	0.0	106	5	0.0	0.0	0.0	0
1892	4	18.0	546.491	53.028	546.539	08/27/12	0.0	0.17	0.0	0.0	0.0	0	8	0.75	0.0	0.0	0
1893	4	60.749	546.491	99.528	546.539	-09/27/12	0.0	0.13	0.0	0.0	0.0	0	9	0.6666667	0.0	0.0	0
1894	4	184.921	546.491	229.957	546.539	$55,700.00	0.0	0.0	0.0	0.0	1.0	0	10	0.7	1.0	10.927753	gross_amount
1895	4	257.669	546.491	302.705	546.539	$47,345.00	0.0	0.14	0.0	0.0	0.5	0	10	0.7	1.0	10.765238	0
1896	4	333.122	546.491	365.648	546.539	$236.73	0.0	0.16	0.0	0.0	0.14	0	7	0.71428573	1.0	5.4711356	0
1897	4	471.121	546.491	516.157	546.539	$47,581.73	0.0	0.18	0.0	0.0	0.25	0	10	0.7	1.0	10.770226	0
1898	4	18.0	561.491	42.507	561.539	Totals	0.0	0.22	0.0	0.0	0.0	30	6	0.0	0.0	0.0	0
1899	4	184.921	561.491	229.957	561.539	$55,700.00	0.0	0.17	0.0	0.0	1.0	0	10	0.7	1.0	10.927753	gross_amount
1900	4	257.669	561.491	302.705	561.539	$47,345.00	0.0	0.15	0.0	0.0	0.5	0	10	0.7	1.0	10.765238	0
1901	4	333.122	561.491	365.648	561.539	$236.73	0.0	0.22	0.0	0.0	0.14	0	7	0.71428573	1.0	5.4711356	0
1902	4	471.121	561.491	516.157	561.539	$47,581.73	0.0	0.25	0.0	0.0	0.25	0	10	0.7	1.0	10.770226	0
1903	4	18.751	612.937	68.201	612.992	Signature:	0.0	0.3	0.0	0.0	0.0	136	10	0.0	0.0	0.0	0
1904	4	306.0	612.937	331.0	612.992	Date:	0.0	0.3	0.0	0.0	0.0	8	5	0.0	0.0	0.0	0
1905	4	213.517	750.934	228.637	750.977	Line	0.0	0.3	0.0	0.0	0.0	89	4	0.0	0.0	0.0	0
1906	4	230.861	750.934	278.877	750.977	Transactions:	0.0	0.26	0.0	0.0	0.0	148	13	0.0	0.0	0.0	0
1907	4	298.221	750.934	316.445	750.977	New,	0.0	0.24	0.0	0.0	0.0	46	4	0.0	0.0	0.0	0
1908	4	333.125	750.934	358.029	750.977	Edited,	0.0	0.23	0.0	0.0	0.0	149	7	0.0	0.0	0.0	0
1909	4	375.149	750.934	405.381	750.977	Deleted)	0.0	0.29	0.0	0.0	0.0	147	8	0.0	0.0	0.0	0
1910	4	21.45	758.501	64.134	758.534	Notwithstanding	0.0	0.33	0.0	0.0	0.0	180	15	0.0	0.0	0.0	0
1911	4	72.474	758.501	88.476	758.534	whom	0.0	0.33	0.0	0.0	0.0	184	4	0.0	0.0	0.0	0
1912	4	90.144	758.501	100.476	758.534	bills	0.0	0.33	0.0	0.0	0.0	186	5	0.0	0.0	0.0	0
1913	4	102.144	758.501	110.814	758.534	are	0.0	0.31	0.0	0.0	0.0	127	3	0.0	0.0	0.0	0
1914	4	112.482	758.501	138.162	758.534	rendered,	0.0	0.31	0.0	0.0	0.0	185	9	0.0	0.0	0.0	0
1915	4	139.83	758.501	167.838	758.534	advertiser,	0.0	0.26	0.0	0.0	0.0	6	11	0.0	0.0	0.0	0
1916	4	169.506	758.501	188.85	758.534	agency	0.0	0.26	0.0	0.0	0.0	2	6	0.0	0.0	0.0	0
1917	4	190.518	758.501	200.526	758.534	and	0.0	0.26	0.0	0.0	0.0	77	3	0.0	0.0	0.0	0
1918	4	202.194	758.501	222.864	758.534	service,	0.0	0.26	0.0	0.0	0.0	169	8	0.0	0.0	0.0	0
1919	4	224.532	758.501	239.868	758.534	jointly	0.0	0.28	0.0	0.0	0.0	155	7	0.0	0.0	0.0	0
1920	4	241.536	758.501	251.544	758.534	and	0.0	0.28	0.0	0.0	0.0	77	3	0.0	0.0	0.0	0
1921	4	253.212	758.501	278.55	758.534	severally,	0.0	0.31	0.0	0.0	0.0	151	10	0.0	0.0	0.0	0
1922	4	280.218	758.501	292.554	758.534	shall	0.0	0.33	0.0	0.0	0.0	137	5	0.0	0.0	0.0	0
1923	4	294.222	758.501	312.558	758.534	remain	0.0	0.33	0.0	0.0	0.0	179	6	0.0	0.0	0.0	0
1924	4	314.226	758.501	338.574	758.534	obligated	0.0	0.33	0.0	0.0	0.0	181	9	0.0	0.0	0.0	0
1925	4	346.914	758.501	356.586	758.534	pay	0.0	0.27	0.0	0.0	0.0	178	3	0.0	0.0	0.0	0
1926	4	364.926	758.501	382.602	758.534	station	0.0	0.32	0.0	0.0	0.0	57	7	0.0	0.0	0.0	0
1927	4	384.27	758.501	392.61	758.534	the	0.0	0.32	0.0	0.0	0.0	44	3	0.0	0.0	0.0	0
1928	4	394.278	758.501	414.288	758.534	amount	0.0	0.32	0.0	0.0	0.0	25	6	0.0	0.0	0.0	0
1929	4	422.628	758.501	432.3	758.534	any	0.0	0.29	0.0	0.0	0.0	126	3	0.0	0.0	0.0	0
1930	4	433.968	758.501	444.3	758.534	bills	0.0	0.29	0.0	0.0	0.0	186	5	0.0	0.0	0.0	0
1931	4	445.968	758.501	469.98	758.534	rendered	0.0	0.29	0.0	0.0	0.0	185	8	0.0	0.0	0.0	0
1932	4	479.652	758.501	497.328	758.534	station	0.0	0.33	0.0	0.0	0.0	57	7	0.0	0.0	0.0	0
1933	4	498.996	758.501	514.332	758.534	within	0.0	0.33	0.0	0.0	0.0	167	6	0.0	0.0	0.0	0
1934	4	516.0	758.501	524.34	758.534	the	0.0	0.33	0.0	0.0	0.0	44	3	0.0	0.0	0.0	0
1935	4	526.008	758.501	537.342	758.534	time	0.0	0.33	0.0	0.0	0.0	22	4	0.0	0.0	0.0	0
1936	4	539.01	758.501	562.686	758.534	specified	0.0	0.33	0.0	0.0	0.0	153	9	0.0	0.0	0.0	0
1937	4	564.354	758.501	574.362	758.534	and	0.0	0.33	0.0	0.0	0.0	77	3	0.0	0.0	0.0	0
1938	4	576.03	758.501	587.034	758.534	until	0.0	0.33	0.0	0.0	0.0	177	5	0.0	0.0	0.0	0
1939	4	29.31	765.581	52.32	765.614	payment	0.0	0.29	0.0	0.0	0.0	118	7	0.0	0.0	0.0	0
1940	4	60.324	765.581	67.992	765.614	full	0.0	0.29	0.0	0.0	0.0	176	4	0.0	0.0	0.0	0
1941	4	75.66	765.581	98.334	765.614	received	0.0	0.28	0.0	0.0	0.0	164	8	0.0	0.0	0.0	0
1942	4	108.006	765.581	127.35	765.614	station.	0.0	0.33	0.0	0.0	0.0	57	8	0.0	0.0	0.0	0
1943	4	130.686	765.581	154.362	765.614	Payment	0.0	0.33	0.0	0.0	0.0	118	7	0.0	0.0	0.0	0
1944	4	164.034	765.581	190.374	765.614	advertiser	0.0	0.33	0.0	0.0	0.0	6	10	0.0	0.0	0.0	0
1945	4	198.714	765.581	218.058	765.614	agency	0.0	0.33	0.0	0.0	0.0	2	6	0.0	0.0	0.0	0
1946	4	233.4	765.581	252.402	765.614	service	0.0	0.28	0.0	0.0	0.0	169	7	0.0	0.0	0.0	0
1947	4	261.072	765.581	284.082	765.614	payment	0.0	0.28	0.0	0.0	0.0	118	7	0.0	0.0	0.0	0
1948	4	293.754	765.581	313.098	765.614	agency	0.0	0.25	0.0	0.0	0.0	2	6	0.0	0.0	0.0	0
1949	4	321.438	765.581	342.108	765.614	service,	0.0	0.39	0.0	0.0	0.0	169	8	0.0	0.0	0.0	0
1950	4	343.776	765.581	356.112	765.614	shall	0.0	0.41	0.0	0.0	0.0	137	5	0.0	0.0	0.0	0
1951	4	357.78	765.581	366.12	765.614	not	0.0	0.41	0.0	0.0	0.0	117	3	0.0	0.0	0.0	0
1952	4	367.788	765.581	393.468	765.614	constitute	0.0	0.41	0.0	0.0	0.0	156	10	0.0	0.0	0.0	0
1953	4	395.136	765.581	418.146	765.614	payment	0.0	0.4	0.0	0.0	0.0	118	7	0.0	0.0	0.0	0
1954	4	426.486	765.581	445.83	765.614	station.	0.0	0.39	0.0	0.0	0.0	57	8	0.0	0.0	0.0	0
1955	4	449.166	765.581	467.844	765.614	Station	0.0	0.39	0.0	0.0	0.0	57	7	0.0	0.0	0.0	0
1956	4	469.512	765.581	477.84	765.614	will	0.0	0.39	0.0	0.0	0.0	174	4	0.0	0.0	0.0	0
1957	4	479.508	765.581	487.848	765.614	not	0.0	0.39	0.0	0.0	0.0	117	3	0.0	0.0	0.0	0
1958	4	497.856	765.581	514.536	765.614	bound	0.0	0.31	0.0	0.0	0.0	202	5	0.0	0.0	0.0	0
1959	4	524.208	765.581	552.888	765.614	conditions.	0.0	0.34	0.0	0.0	0.0	125	11	0.0	0.0	0.0	0
1960	4	554.556	765.581	572.898	765.614	printed	0.0	0.34	0.0	0.0	0.0	159	7	0.0	0.0	0.0	0
1961	4	21.57	772.661	47.244	772.694	otherwise	0.0	0.32	0.0	0.0	0.0	146	9	0.0	0.0	0.0	0
1962	4	48.912	772.661	74.922	772.694	contracts,	0.0	0.3	0.0	0.0	0.0	130	10	0.0	0.0	0.0	0
1963	4	76.59	772.661	99.264	772.694	insertion	0.0	0.39	0.0	0.0	0.0	208	9	0.0	0.0	0.0	0
1964	4	100.932	772.661	119.604	772.694	orders,	0.0	0.39	0.0	0.0	0.0	54	7	0.0	0.0	0.0	0
1965	4	121.272	772.661	133.944	772.694	copy	0.0	0.39	0.0	0.0	0.0	206	4	0.0	0.0	0.0	0
1966	4	135.612	772.661	165.954	772.694	instructions	0.0	0.48	0.0	0.0	0.0	172	12	0.0	0.0	0.0	0
1967	4	174.624	772.661	184.296	772.694	any	0.0	0.48	0.0	0.0	0.0	126	3	0.0	0.0	0.0	0
1968	4	185.964	772.661	228.984	772.694	correspondence	0.0	0.48	0.0	0.0	0.0	183	14	0.0	0.0	0.0	0
1969	4	230.652	772.661	244.992	772.694	when	0.0	0.44	0.0	0.0	0.0	204	4	0.0	0.0	0.0	0
1970	4	246.66	772.661	259.332	772.694	such	0.0	0.37	0.0	0.0	0.0	168	4	0.0	0.0	0.0	0
1971	4	261.0	772.661	279.672	772.694	conflict	0.0	0.33	0.0	0.0	0.0	207	8	0.0	0.0	0.0	0
1972	4	281.34	772.661	292.008	772.694	with	0.0	0.33	0.0	0.0	0.0	101	4	0.0	0.0	0.0	0
1973	4	293.676	772.661	302.016	772.694	the	0.0	0.33	0.0	0.0	0.0	44	3	0.0	0.0	0.0	0
1974	4	303.684	772.661	320.028	772.694	above	0.0	0.33	0.0	0.0	0.0	135	5	0.0	0.0	0.0	0
1975	4	321.696	772.661	336.696	772.694	terms	0.0	0.2	0.0	0.0	0.0	100	5	0.0	0.0	0.0	0
1976	4	338.364	772.661	348.372	772.694	and	0.0	0.26	0.0	0.0	0.0	77	3	0.0	0.0	0.0	0
1977	4	350.04	772.661	378.72	772.694	conditions.	0.0	0.31	0.0	0.0	0.0	125	11	0.0	0.0	0.0	0
1978	4	382.056	772.661	393.39	772.694	Two	0.0	0.31	0.0	0.0	0.0	269	3	0.0	0.0	0.0	0
1979	4	395.058	772.661	409.062	772.694	week	0.0	0.31	0.0	0.0	0.0	29	4	0.0	0.0	0.0	0
1980	4	410.73	772.661	433.41	772.694	advance	0.0	0.31	0.0	0.0	0.0	209	7	0.0	0.0	0.0	0
1981	4	435.078	772.661	466.758	772.694	cancellation	0.0	0.35	0.0	0.0	0.0	230	12	0.0	0.0	0.0	0
1982	4	468.426	772.661	484.434	772.694	notice	0.0	0.35	0.0	0.0	0.0	196	6	0.0	0.0	0.0	0
1983	4	492.102	772.661	514.11	772.694	required	0.0	0.35	0.0	0.0	0.0	222	8	0.0	0.0	0.0	0
1984	4	515.778	772.661	533.118	772.694	unless	0.0	0.32	0.0	0.0	0.0	205	6	0.0	0.0	0.0	0
1985	4	534.786	772.661	560.46	772.694	otherwise	0.0	0.31	0.0	0.0	0.0	146	9	0.0	0.0	0.0	0
1986	4	562.128	772.661	587.472	772.694	specified.	0.0	0.08	0.0	0.0	0.0	153	10	0.0	0.0	0.0	0
