	page	x0	y0	x1	y1	token	contract_num	advertiser	flight_from	flight_to	gross_amount	tok_id	length	digitness	is_dollar	log_amount	label
0	0	408.002	17.963	424.45	26.899	Print	0.0	0.38	0.0	0.0	0.0	37	5	0.0	0.0	0.0	0
1	0	426.674	17.963	443.57	26.899	Date	0.0	0.38	0.0	0.0	0.0	8	4	0.0	0.0	0.0	0
2	0	450.0	17.963	481.136	26.899	10/10/12	0.0	0.29	0.0	0.0	0.0	0	8	0.75	0.0	0.0	0
3	0	483.36	17.963	514.496	26.899	13:33:49	0.0	0.24	0.0	0.0	0.0	0	8	0.75	0.0	0.0	0
4	0	534.002	17.963	552.682	26.899	Page	0.0	0.19	0.0	0.0	0.0	7	4	0.0	0.0	0.0	0
5	0	276.84	28.783	334.616	46.655	ORDER	0.0	0.4	0.0	0.0	0.0	9	5	0.0	0.0	0.0	0
6	0	18.0	72.203	44.232	81.139	Orders	0.0	0.32	0.0	0.0	0.0	54	6	0.0	0.0	0.0	0
7	0	87.001	72.203	108.785	81.139	Order	0.0	0.3	0.0	0.0	0.0	9	5	0.0	0.0	0.0	0
8	0	115.457	72.203	132.793	81.139	Rev:	0.0	0.3	0.0	0.0	0.0	71	4	0.0	0.0	0.0	0
9	0	171.72	72.203	193.96	81.139	64783	0.0	0.27	0.0	0.0	0.67	0	5	1.0	1.0	11.078814	0
10	0	87.001	86.963	96.337	95.899	Alt	0.0	0.32	0.0	0.0	0.0	31	3	0.0	0.0	0.0	0
11	0	98.561	86.963	119.009	95.899	Order	0.0	0.32	0.0	0.0	0.0	9	5	0.0	0.0	0.0	0
12	0	171.751	86.963	202.887	95.899	9838754	0.0	0.24	0.0	0.0	0.59	0	7	1.0	1.0	16.10184	0
13	0	205.111	86.963	224.231	95.899	/Brad	0.0	0.28	0.0	0.0	0.0	1219	5	0.0	0.0	0.0	0
14	0	87.001	101.963	114.569	110.899	Product	0.0	0.43	0.0	0.0	0.0	5	7	0.0	0.0	0.0	0
15	0	116.793	101.963	137.241	110.899	Desc:	0.0	0.67	0.0	0.0	0.0	141	5	0.0	0.0	0.0	0
16	0	171.751	101.963	188.647	110.899	BOB	0.0	1.0	0.0	0.0	0.0	1147	3	0.0	0.0	0.0	advertiser
17	0	190.871	101.963	217.991	110.899	CASEY	0.0	1.0	0.0	0.0	0.0	1503	5	0.0	0.0	0.0	advertiser
18	0	220.215	101.963	237.103	110.899	FOR	0.0	1.0	0.0	0.0	0.0	50	3	0.0	0.0	0.0	advertiser
19	0	239.327	101.963	271.335	110.899	SENATE	0.0	1.0	0.0	0.0	0.0	249	6	0.0	0.0	0.0	advertiser
20	0	87.001	116.963	120.345	125.899	Estimate:	0.0	0.7	0.0	0.0	0.0	23	9	0.0	0.0	0.0	0
21	0	432.0	115.703	463.552	124.639	WHP-TV	0.0	0.44	0.0	0.0	0.0	1366	6	0.0	0.0	0.0	0
22	0	465.776	115.703	491.56	124.639	CBS21	0.0	0.35	0.0	0.0	0.0	261	5	0.4	0.0	0.0	0
23	0	87.001	131.963	106.561	140.899	Flight	0.0	0.35	0.0	0.0	0.0	61	6	0.0	0.0	0.0	0
24	0	108.785	131.963	131.905	140.899	Dates:	0.0	0.35	0.0	0.0	0.0	18	6	0.0	0.0	0.0	0
25	0	171.751	131.963	202.887	140.899	10/12/12	0.0	0.29	0.0	0.0	0.0	0	8	0.75	0.0	0.0	0
26	0	209.999	131.963	241.135	140.899	10/15/12	0.0	0.18	0.0	0.0	0.0	0	8	0.75	0.0	0.0	0
27	0	331.501	131.963	359.053	140.899	Primary	0.0	0.22	0.0	0.0	0.0	80	7	0.0	0.0	0.0	0
28	0	361.277	131.963	374.173	140.899	AE:	0.0	0.27	0.0	0.0	0.0	123	3	0.0	0.0	0.0	0
29	0	432.0	131.963	470.224	140.899	Millennium	0.0	0.27	0.0	0.0	0.0	442	10	0.0	0.0	0.0	0
30	0	472.448	131.963	514.688	140.899	Washington	0.0	0.39	0.0	0.0	0.0	97	10	0.0	0.0	0.0	0
31	0	87.001	146.963	114.561	155.899	Original	0.0	0.45	0.0	0.0	0.0	39	8	0.0	0.0	0.0	0
32	0	116.785	146.963	133.681	155.899	Date	0.0	0.45	0.0	0.0	0.0	8	4	0.0	0.0	0.0	0
33	0	140.353	146.963	156.801	155.899	Rev:	0.0	0.35	0.0	0.0	0.0	71	4	0.0	0.0	0.0	0
34	0	171.751	146.963	202.887	155.899	10/10/12	0.0	0.18	0.0	0.0	0.0	0	8	0.75	0.0	0.0	0
35	0	209.559	146.963	240.695	155.899	10/10/12	0.0	0.29	0.0	0.0	0.0	0	8	0.75	0.0	0.0	0
36	0	331.501	146.963	351.509	155.899	Sales	0.0	0.37	0.0	0.0	0.0	10	5	0.0	0.0	0.0	0
37	0	353.733	146.963	376.853	155.899	Office:	0.0	0.43	0.0	0.0	0.0	12	7	0.0	0.0	0.0	0
38	0	432.0	147.203	454.664	156.139	MNAT	0.0	0.43	0.0	0.0	0.0	773	4	0.0	0.0	0.0	0
39	0	87.001	161.963	107.449	170.899	Order	0.0	0.42	0.0	0.0	0.0	9	5	0.0	0.0	0.0	0
40	0	109.673	161.963	129.681	170.899	Type:	0.0	0.37	0.0	0.0	0.0	45	5	0.0	0.0	0.0	0
41	0	171.751	161.963	209.983	170.899	GENERAL	0.0	0.31	0.0	0.0	0.0	138	7	0.0	0.0	0.0	0
42	0	331.501	161.963	351.509	170.899	Sales	0.0	0.31	0.0	0.0	0.0	10	5	0.0	0.0	0.0	0
43	0	353.733	161.963	381.301	170.899	Region:	0.0	0.26	0.0	0.0	0.0	69	7	0.0	0.0	0.0	0
44	0	432.0	162.203	461.344	171.139	National	0.0	0.26	0.0	0.0	0.0	213	8	0.0	0.0	0.0	0
45	0	18.0	192.203	46.896	201.139	Agency	0.0	0.36	0.0	0.0	0.0	2	6	0.0	0.0	0.0	0
46	0	87.001	192.203	111.449	201.139	Name:	0.0	0.36	0.0	0.0	0.0	110	5	0.0	0.0	0.0	0
47	0	171.72	192.203	193.056	201.139	Shorr	0.0	0.35	0.0	0.0	0.0	805	5	0.0	0.0	0.0	0
48	0	195.28	192.203	228.616	201.139	Johnson	0.0	0.35	0.0	0.0	0.0	619	7	0.0	0.0	0.0	0
49	0	230.84	192.203	261.064	201.139	Magnus	0.0	0.35	0.0	0.0	0.0	936	6	0.0	0.0	0.0	0
50	0	87.001	206.963	111.457	215.899	Buying	0.0	0.29	0.0	0.0	0.0	67	6	0.0	0.0	0.0	0
51	0	113.681	206.963	143.473	215.899	Contact:	0.0	0.26	0.0	0.0	0.0	79	8	0.0	0.0	0.0	0
52	0	331.501	206.963	352.837	215.899	Billing	0.0	0.25	0.0	0.0	0.0	11	7	0.0	0.0	0.0	0
53	0	355.061	206.963	375.069	215.899	Type:	0.0	0.34	0.0	0.0	0.0	45	5	0.0	0.0	0.0	0
54	0	432.0	206.963	450.672	215.899	Cash	0.0	0.39	0.0	0.0	0.0	21	4	0.0	0.0	0.0	0
55	0	87.001	221.963	108.337	230.899	Billing	0.0	0.39	0.0	0.0	0.0	11	7	0.0	0.0	0.0	0
56	0	110.561	221.963	140.353	230.899	Contact:	0.0	0.39	0.0	0.0	0.0	79	8	0.0	0.0	0.0	0
57	0	331.501	221.963	352.837	230.899	Billing	0.0	0.36	0.0	0.0	0.0	11	7	0.0	0.0	0.0	0
58	0	355.061	221.963	389.741	230.899	Calendar:	0.0	0.38	0.0	0.0	0.0	48	9	0.0	0.0	0.0	0
59	0	432.0	221.963	468.016	230.899	Broadcast	0.0	0.47	0.0	0.0	0.0	41	9	0.0	0.0	0.0	0
60	0	171.751	236.963	189.543	245.899	1831	0.0	0.47	0.0	0.0	0.57	0	4	1.0	1.0	7.5131636	0
61	0	191.767	236.963	223.783	245.899	Chestnut	0.0	0.47	0.0	0.0	0.0	827	8	0.0	0.0	0.0	0
62	0	226.007	236.963	247.351	245.899	Street	0.0	0.41	0.0	0.0	0.0	162	6	0.0	0.0	0.0	0
63	0	331.501	236.963	352.837	245.899	Billing	0.0	0.24	0.0	0.0	0.0	11	7	0.0	0.0	0.0	0
64	0	355.061	236.963	377.285	245.899	Cycle:	0.0	0.24	0.0	0.0	0.0	32	6	0.0	0.0	0.0	0
65	0	432.0	236.963	469.784	245.899	EOM/EOC	0.0	0.27	0.0	0.0	0.0	43	7	0.0	0.0	0.0	0
66	0	170.252	251.963	216.052	260.899	Philadelphia,	0.0	0.27	0.0	0.0	0.0	217	13	0.0	0.0	0.0	0
67	0	233.396	251.963	255.636	260.899	19103	0.0	0.23	0.0	0.0	0.53	0	5	1.0	1.0	9.857653	0
68	0	331.501	251.963	358.181	260.899	Agency	0.0	0.26	0.0	0.0	0.0	2	6	0.0	0.0	0.0	0
69	0	360.405	251.963	406.629	260.899	Commission:	0.0	0.35	0.0	0.0	0.0	83	11	0.0	0.0	0.0	0
70	0	432.0	251.963	448.008	260.899	15%	0.0	0.45	0.0	0.0	0.0	0	3	0.6666667	0.0	0.0	0
71	0	18.0	282.203	57.568	291.139	Advertiser	0.0	0.48	0.0	0.0	0.0	6	10	0.0	0.0	0.0	0
72	0	87.001	282.203	111.449	291.139	Name:	0.0	0.61	0.0	0.0	0.0	110	5	0.0	0.0	0.0	0
73	0	171.72	282.203	231.744	291.139	Casey/D/Senate	0.0	0.71	0.0	0.0	0.0	2815	14	0.0	0.0	0.0	0
74	0	87.001	296.963	136.793	305.899	Demographic:	0.0	0.51	0.0	0.0	0.0	40	12	0.0	0.0	0.0	0
75	0	171.751	296.963	190.655	305.899	A35+	0.0	0.47	0.0	0.0	0.0	16	4	0.5	0.0	0.0	0
76	0	331.501	296.963	347.501	305.899	New	0.0	0.44	0.0	0.0	0.0	46	3	0.0	0.0	0.0	0
77	0	349.725	296.963	382.181	305.899	Business	0.0	0.32	0.0	0.0	0.0	131	8	0.0	0.0	0.0	0
78	0	384.405	296.963	403.077	305.899	Thru:	0.0	0.35	0.0	0.0	0.0	139	5	0.0	0.0	0.0	0
79	0	87.001	311.963	114.569	320.899	Product	0.0	0.4	0.0	0.0	0.0	5	7	0.0	0.0	0.0	0
80	0	116.793	311.963	142.137	320.899	Codes:	0.0	0.43	0.0	0.0	0.0	86	6	0.0	0.0	0.0	0
81	0	171.751	312.203	190.431	321.139	State	0.0	0.43	0.0	0.0	0.0	473	5	0.0	0.0	0.0	0
82	0	192.655	312.203	225.111	321.139	Elections	0.0	0.38	0.0	0.0	0.0	1220	9	0.0	0.0	0.0	0
83	0	331.501	311.963	351.949	320.899	Order	0.0	0.42	0.0	0.0	0.0	9	5	0.0	0.0	0.0	0
84	0	354.173	311.963	395.085	320.899	Separation:	0.0	0.42	0.0	0.0	0.0	142	11	0.0	0.0	0.0	0
85	0	432.0	311.963	463.136	320.899	00:15:00	0.0	0.34	0.0	0.0	0.0	0	8	0.75	0.0	0.0	0
86	0	87.001	326.963	114.113	335.899	Priority:	0.0	0.34	0.0	0.0	0.0	96	9	0.0	0.0	0.0	0
87	0	171.751	327.203	184.199	336.139	P-2	0.0	0.37	0.0	0.0	0.0	27	3	0.33333334	0.0	0.0	0
88	0	331.501	326.963	367.509	335.899	Advertiser	0.0	0.4	0.0	0.0	0.0	6	10	0.0	0.0	0.0	0
89	0	369.733	326.963	399.077	335.899	External	0.0	0.4	0.0	0.0	0.0	134	8	0.0	0.0	0.0	0
90	0	401.301	326.963	411.525	335.899	ID:	0.0	0.37	0.0	0.0	0.0	119	3	0.0	0.0	0.0	0
91	0	87.001	341.963	119.017	350.899	Revenue	0.0	0.33	0.0	0.0	0.0	143	7	0.0	0.0	0.0	0
92	0	121.241	341.963	146.585	350.899	Codes:	0.0	0.27	0.0	0.0	0.0	86	6	0.0	0.0	0.0	0
93	0	171.751	341.963	190.871	350.899	AGY,	0.0	0.36	0.0	0.0	0.0	163	4	0.0	0.0	0.0	0
94	0	193.095	341.963	236.655	350.899	POL-CAND,	0.0	0.4	0.0	0.0	0.0	653	9	0.0	0.0	0.0	0
95	0	238.879	341.963	256.215	350.899	GEN	0.0	0.4	0.0	0.0	0.0	203	3	0.0	0.0	0.0	0
96	0	331.501	341.963	358.181	350.899	Agency	0.0	0.4	0.0	0.0	0.0	2	6	0.0	0.0	0.0	0
97	0	360.405	341.963	389.749	350.899	External	0.0	0.37	0.0	0.0	0.0	134	8	0.0	0.0	0.0	0
98	0	391.973	341.963	402.197	350.899	ID:	0.0	0.29	0.0	0.0	0.0	119	3	0.0	0.0	0.0	0
99	0	19.5	363.953	31.948	372.889	Bill	0.0	0.33	0.0	0.0	0.0	129	4	0.0	0.0	0.0	0
100	0	34.172	363.953	51.068	372.889	Plan	0.0	0.39	0.0	0.0	0.0	87	4	0.0	0.0	0.0	0
101	0	307.5	363.953	331.06	372.889	Totals	0.0	0.44	0.0	0.0	0.0	30	6	0.0	0.0	0.0	0
102	0	19.5	375.713	36.396	384.649	Start	0.0	0.44	0.0	0.0	0.0	26	5	0.0	0.0	0.0	0
103	0	38.62	375.713	55.516	384.649	Date	0.0	0.44	0.0	0.0	0.0	8	4	0.0	0.0	0.0	0
104	0	74.251	375.713	88.483	384.649	End	0.0	0.42	0.0	0.0	0.0	28	3	0.0	0.0	0.0	0
105	0	90.707	375.713	107.603	384.649	Date	0.0	0.42	0.0	0.0	0.0	8	4	0.0	0.0	0.0	0
106	0	139.844	375.713	160.3	384.649	Spots	0.0	0.33	0.0	0.0	0.0	4	5	0.0	0.0	0.0	0
107	0	166.502	375.713	187.838	384.649	Gross	0.0	0.36	0.0	0.0	0.0	20	5	0.0	0.0	0.0	0
108	0	190.062	375.713	217.63	384.649	Amount	0.0	0.36	0.0	0.0	0.0	25	6	0.0	0.0	0.0	0
109	0	231.721	375.713	244.169	384.649	Net	0.0	0.32	0.0	0.0	0.0	14	3	0.0	0.0	0.0	0
110	0	246.393	375.713	273.961	384.649	Amount	0.0	0.32	0.0	0.0	0.0	25	6	0.0	0.0	0.0	0
111	0	307.5	375.713	329.732	384.649	Month	0.0	0.3	0.0	0.0	0.0	52	5	0.0	0.0	0.0	0
112	0	397.422	375.713	417.878	384.649	Spots	0.0	0.3	0.0	0.0	0.0	4	5	0.0	0.0	0.0	0
113	0	435.18	375.713	456.516	384.649	Gross	0.0	0.36	0.0	0.0	0.0	20	5	0.0	0.0	0.0	0
114	0	458.74	375.713	486.308	384.649	Amount	0.0	0.36	0.0	0.0	0.0	25	6	0.0	0.0	0.0	0
115	0	502.681	375.713	515.129	384.649	Net	0.0	0.32	0.0	0.0	0.0	14	3	0.0	0.0	0.0	0
116	0	517.353	375.713	544.921	384.649	Amount	0.0	0.32	0.0	0.0	0.0	25	6	0.0	0.0	0.0	0
117	0	567.841	375.713	590.961	384.649	Rating	0.0	0.32	0.0	0.0	0.0	64	6	0.0	0.0	0.0	0
118	0	19.5	390.713	50.636	399.649	10/01/12	0.0	0.22	0.0	0.0	0.0	0	8	0.75	0.0	0.0	0
119	0	74.251	390.713	105.387	399.649	10/15/12	0.0	0.18	0.0	0.0	0.0	0	8	0.75	0.0	0.0	0
120	0	190.142	390.713	225.726	399.649	$4,880.00	0.0	0.19	0.0	0.0	1.0	0	9	0.6666667	1.0	8.493105	gross_amount
121	0	255.362	390.713	290.946	399.649	$4,148.00	0.0	0.24	0.0	0.0	0.71	0	9	0.6666667	1.0	8.330623	0
122	0	307.5	387.713	335.956	396.649	October	0.0	0.33	0.0	0.0	0.0	191	7	0.0	0.0	0.0	0
123	0	338.18	387.713	355.972	396.649	2012	0.0	0.29	0.0	0.0	0.57	0	4	1.0	1.0	7.6073813	0
124	0	454.89	387.713	490.474	396.649	$4,880.00	0.0	0.21	0.0	0.0	1.0	0	9	0.6666667	1.0	8.493105	gross_amount
125	0	519.12	387.713	554.704	396.649	$4,148.00	0.0	0.17	0.0	0.0	0.71	0	9	0.6666667	1.0	8.330623	0
126	0	577.95	387.713	593.518	396.649	0.00	0.0	0.22	0.0	0.0	0.73	0	4	0.75	1.0	0.0	0
127	0	306.0	401.203	327.784	410.139	Totals	0.0	0.26	0.0	0.0	0.0	30	6	0.0	0.0	0.0	0
128	0	454.89	400.463	490.474	409.399	$4,880.00	0.0	0.18	0.0	0.0	1.0	0	9	0.6666667	1.0	8.493105	gross_amount
129	0	519.12	400.463	554.704	409.399	$4,148.00	0.0	0.17	0.0	0.0	0.71	0	9	0.6666667	1.0	8.330623	0
130	0	577.95	400.463	593.518	409.399	0.00	0.0	0.21	0.0	0.0	0.73	0	4	0.75	1.0	0.0	0
131	0	19.5	418.423	51.5	427.359	Account	0.0	0.25	0.0	0.0	0.0	15	7	0.0	0.0	0.0	0
132	0	53.724	418.423	95.524	427.359	Executives	0.0	0.24	0.0	0.0	0.0	145	10	0.0	0.0	0.0	0
133	0	19.5	430.183	48.404	439.119	Account	0.0	0.25	0.0	0.0	0.0	15	7	0.0	0.0	0.0	0
134	0	50.628	430.183	85.308	439.119	Executive	0.0	0.24	0.0	0.0	0.0	24	9	0.0	0.0	0.0	0
135	0	128.999	430.183	149.007	439.119	Sales	0.0	0.36	0.0	0.0	0.0	10	5	0.0	0.0	0.0	0
136	0	151.231	430.183	172.127	439.119	Office	0.0	0.41	0.0	0.0	0.0	12	6	0.0	0.0	0.0	0
137	0	189.0	430.183	209.008	439.119	Sales	0.0	0.41	0.0	0.0	0.0	10	5	0.0	0.0	0.0	0
138	0	211.232	430.183	236.576	439.119	Region	0.0	0.41	0.0	0.0	0.0	69	6	0.0	0.0	0.0	0
139	0	254.251	430.183	271.147	439.119	Start	0.0	0.41	0.0	0.0	0.0	26	5	0.0	0.0	0.0	0
140	0	273.371	430.183	290.267	439.119	Date	0.0	0.38	0.0	0.0	0.0	8	4	0.0	0.0	0.0	0
141	0	296.939	430.183	311.171	439.119	End	0.0	0.42	0.0	0.0	0.0	28	3	0.0	0.0	0.0	0
142	0	313.395	430.183	330.291	439.119	Date	0.0	0.42	0.0	0.0	0.0	8	4	0.0	0.0	0.0	0
143	0	390.75	430.183	411.198	439.119	Order	0.0	0.34	0.0	0.0	0.0	9	5	0.0	0.0	0.0	0
144	0	19.5	445.183	57.724	454.119	Millennium	0.0	0.24	0.0	0.0	0.0	442	10	0.0	0.0	0.0	0
145	0	59.948	445.183	102.188	454.119	Washington	0.0	0.3	0.0	0.0	0.0	97	10	0.0	0.0	0.0	0
146	0	254.251	445.183	271.147	454.119	Start	0.0	0.34	0.0	0.0	0.0	26	5	0.0	0.0	0.0	0
147	0	284.043	445.183	304.491	454.119	Order	0.0	0.43	0.0	0.0	0.0	9	5	0.0	0.0	0.0	0
148	0	311.603	445.183	325.835	454.119	End	0.0	0.43	0.0	0.0	0.0	28	3	0.0	0.0	0.0	0
149	0	338.731	445.183	359.179	454.119	Order	0.0	0.42	0.0	0.0	0.0	9	5	0.0	0.0	0.0	0
150	0	404.011	445.183	424.467	454.119	100%	0.0	0.36	0.0	0.0	0.0	0	4	0.75	0.0	0.0	0
151	0	19.5	465.673	41.284	474.609	Order	0.0	0.38	0.0	0.0	0.0	9	5	0.0	0.0	0.0	0
152	0	43.508	465.673	65.74	474.609	Share	0.0	0.38	0.0	0.0	0.0	132	5	0.0	0.0	0.0	0
153	0	159.749	465.433	181.093	474.369	Share	0.0	0.38	0.0	0.0	0.0	132	5	0.0	0.0	0.0	0
154	0	231.149	465.433	248.933	474.369	Total	0.0	0.32	0.0	0.0	0.0	106	5	0.0	0.0	0.0	0
155	0	19.5	478.183	51.052	487.119	WHP-TV	0.0	0.21	0.0	0.0	0.0	1366	6	0.0	0.0	0.0	0
156	0	53.276	478.183	78.62	487.119	CBS21	0.0	0.2	0.0	0.0	0.0	261	5	0.4	0.0	0.0	0
157	0	169.201	478.183	185.209	487.119	20%	0.0	0.2	0.0	0.0	0.0	0	3	0.6666667	0.0	0.0	0
158	0	212.641	478.183	248.225	487.119	$4,880.00	0.0	0.2	0.0	0.0	1.0	0	9	0.6666667	1.0	8.493105	gross_amount
159	0	19.5	492.433	43.948	501.369	Market	0.0	0.26	0.0	0.0	0.0	121	6	0.0	0.0	0.0	0
160	0	164.702	492.433	185.158	501.369	100%	0.0	0.22	0.0	0.0	0.0	0	4	0.75	0.0	0.0	0
161	0	208.201	492.433	248.233	501.369	$24,400.00	0.0	0.17	0.0	0.0	0.67	0	10	0.7	1.0	10.10238	0
162	0	19.5	513.673	65.284	522.609	Competitive	0.0	0.28	0.0	0.0	0.0	221	11	0.0	0.0	0.0	0
163	0	67.508	513.673	89.74	522.609	Share	0.0	0.28	0.0	0.0	0.0	132	5	0.0	0.0	0.0	0
164	0	159.749	513.433	181.093	522.369	Share	0.0	0.28	0.0	0.0	0.0	132	5	0.0	0.0	0.0	0
165	0	231.149	513.433	248.933	522.369	Total	0.0	0.28	0.0	0.0	0.0	106	5	0.0	0.0	0.0	0
166	0	19.5	526.183	35.948	535.119	EHP	0.0	0.24	0.0	0.0	0.0	1251	3	0.0	0.0	0.0	0
167	0	228.241	526.183	248.257	535.119	$0.00	0.0	0.19	0.0	0.0	0.73	0	5	0.6	1.0	0.0	0
168	0	19.5	538.183	49.716	547.119	UNKWN	0.0	0.12	0.0	0.0	0.0	189	5	0.0	0.0	0.0	0
169	0	228.241	538.183	248.257	547.119	$0.00	0.0	0.08	0.0	0.0	0.73	0	5	0.6	1.0	0.0	0
170	0	19.5	550.183	43.06	559.119	WGAL	0.0	0.11	0.0	0.0	0.0	882	4	0.0	0.0	0.0	0
171	0	169.201	550.183	185.209	559.119	45%	0.0	0.11	0.0	0.0	0.0	0	3	0.6666667	0.0	0.0	0
172	0	208.201	550.183	248.233	559.119	$10,980.00	0.0	0.11	0.0	0.0	0.67	0	10	0.7	1.0	9.303922	0
173	0	19.5	562.183	44.38	571.119	WHTM	0.0	0.11	0.0	0.0	0.0	1272	4	0.0	0.0	0.0	0
174	0	169.201	562.183	185.209	571.119	25%	0.0	0.08	0.0	0.0	0.0	0	3	0.6666667	0.0	0.0	0
175	0	212.641	562.183	248.225	571.119	$6,100.00	0.0	0.07	0.0	0.0	0.57	0	9	0.6666667	1.0	8.7162075	0
176	0	19.5	574.183	42.612	583.119	WLYH	0.0	0.12	0.0	0.0	0.0	1258	4	0.0	0.0	0.0	0
177	0	228.241	574.183	248.257	583.119	$0.00	0.0	0.12	0.0	0.0	0.73	0	5	0.6	1.0	0.0	0
178	0	19.5	586.183	43.94	595.119	WPMT	0.0	0.12	0.0	0.0	0.0	1059	4	0.0	0.0	0.0	0
179	0	169.201	586.183	185.209	595.119	10%	0.0	0.08	0.0	0.0	0.0	0	3	0.6666667	0.0	0.0	0
180	0	212.641	586.183	248.225	595.119	$2,440.00	0.0	0.23	0.0	0.0	0.71	0	9	0.6666667	1.0	7.8001633	0
181	0	73.5	619.868	92.508	629.921	Start	0.0	0.37	0.0	0.0	0.0	26	5	0.0	0.0	0.0	0
182	0	108.751	619.868	124.762	629.921	End	0.0	0.37	0.0	0.0	0.0	28	3	0.0	0.0	0.0	0
183	0	144.0	619.868	181.017	629.921	Inventory	0.0	0.29	0.0	0.0	0.0	85	9	0.0	0.0	0.0	0
184	0	183.519	619.868	205.029	629.921	Code	0.0	0.41	0.0	0.0	0.0	19	4	0.0	0.0	0.0	0
185	0	230.25	619.868	253.758	629.921	Break	0.0	0.46	0.0	0.0	0.0	68	5	0.0	0.0	0.0	0
186	0	259.441	619.868	296.962	629.921	Start/End	0.0	0.46	0.0	0.0	0.0	35	9	0.0	0.0	0.0	0
187	0	299.464	619.868	319.462	629.921	Time	0.0	0.46	0.0	0.0	0.0	22	4	0.0	0.0	0.0	0
188	0	331.501	619.868	352.003	629.921	Days	0.0	0.42	0.0	0.0	0.0	38	4	0.0	0.0	0.0	0
189	0	369.0	619.868	384.012	629.921	Len	0.0	0.42	0.0	0.0	0.0	78	3	0.0	0.0	0.0	0
190	0	389.251	619.868	412.264	629.921	Spots	0.0	0.46	0.0	0.0	0.0	4	5	0.0	0.0	0.0	0
191	0	431.252	619.868	450.26	629.921	Rate	0.0	0.46	0.0	0.0	0.0	13	4	0.0	0.0	0.0	0
192	0	456.752	619.868	467.75	629.921	Pri	0.0	0.41	0.0	0.0	0.0	88	3	0.0	0.0	0.0	0
193	0	475.441	619.868	511.767	629.951	RtgType	0.0	0.33	0.0	0.0	0.0	93	7	0.0	0.0	0.0	0
194	0	516.002	619.868	539.015	629.921	Spots	0.0	0.36	0.0	0.0	0.0	4	5	0.0	0.0	0.0	0
195	0	558.751	619.868	589.765	629.921	Amount	0.0	0.36	0.0	0.0	0.0	25	6	0.0	0.0	0.0	0
196	0	42.225	633.433	60.889	642.369	WHP	0.0	0.21	0.0	0.0	0.0	1179	3	0.0	0.0	0.0	0
197	0	70.501	633.433	101.637	642.369	10/12/12	0.0	0.07	0.0	0.0	0.0	0	8	0.75	0.0	0.0	0
198	0	106.501	633.433	137.637	642.369	10/15/12	0.0	0.07	0.0	0.0	0.0	0	8	0.75	0.0	0.0	0
199	0	144.0	633.433	158.216	642.369	M-F	0.0	0.1	0.0	0.0	0.0	47	3	0.0	0.0	0.0	0
200	0	160.44	633.433	180.896	642.369	4p-5p	0.0	0.11	0.0	0.0	0.0	72	5	0.4	0.0	0.0	0
201	0	259.501	633.433	279.957	642.369	4p-5p	0.0	0.13	0.0	0.0	0.0	72	5	0.4	0.0	0.0	0
202	0	326.251	634.271	360.019	642.271	M---F--	0.0	0.13	0.0	0.0	0.0	47	7	0.0	0.0	0.0	0
203	0	372.183	633.433	387.751	642.369	1:00	0.0	0.11	0.0	0.0	0.0	0	4	0.75	0.0	0.0	0
204	0	426.361	633.433	469.2	642.369	$300.00P-3	0.0	0.06	0.0	0.0	0.0	27	10	0.6	0.0	0.0	0
205	0	479.522	633.433	495.09	642.369	0.00	0.0	0.09	0.0	0.0	0.73	0	4	0.75	1.0	0.0	0
206	0	564.363	633.433	593.275	642.369	$900.00	0.0	0.12	0.0	0.0	0.62	0	7	0.71428573	1.0	6.8035054	0
207	0	145.5	643.933	159.716	652.869	M-F	0.0	0.15	0.0	0.0	0.0	47	3	0.0	0.0	0.0	0
208	0	161.94	643.933	182.396	652.869	4p-5p	0.0	0.15	0.0	0.0	0.0	72	5	0.4	0.0	0.0	0
209	0	42.225	658.183	60.889	667.119	WHP	0.0	0.1	0.0	0.0	0.0	1179	3	0.0	0.0	0.0	0
210	0	70.501	658.183	101.637	667.119	10/14/12	0.0	0.11	0.0	0.0	0.0	0	8	0.75	0.0	0.0	0
211	0	106.501	658.183	137.637	667.119	10/14/12	0.0	0.14	0.0	0.0	0.0	0	8	0.75	0.0	0.0	0
212	0	144.0	658.183	158.232	667.119	Sun	0.0	0.2	0.0	0.0	0.0	102	3	0.0	0.0	0.0	0
213	0	160.456	658.183	175.128	667.119	Reg	0.0	0.17	0.0	0.0	0.0	460	3	0.0	0.0	0.0	0
214	0	259.501	658.183	279.957	667.119	7p-8p	0.0	0.13	0.0	0.0	0.0	72	5	0.4	0.0	0.0	0
215	0	326.251	659.021	360.019	667.021	------S	0.0	0.13	0.0	0.0	0.0	49	7	0.0	0.0	0.0	0
216	0	372.183	658.183	387.751	667.119	1:00	0.0	0.11	0.0	0.0	0.0	0	4	0.75	0.0	0.0	0
217	0	419.641	658.183	469.2	667.119	$2,000.00P-3	0.0	0.06	0.0	0.0	0.0	27	12	0.5833333	0.0	0.0	0
218	0	479.522	658.183	495.09	667.119	0.00	0.0	0.09	0.0	0.0	0.73	0	4	0.75	1.0	0.0	0
219	0	557.643	658.183	593.227	667.119	$2,000.00	0.0	0.14	0.0	0.0	0.57	0	9	0.6666667	1.0	7.6014023	0
220	0	145.5	668.683	159.732	677.619	Sun	0.0	0.2	0.0	0.0	0.0	102	3	0.0	0.0	0.0	0
221	0	161.956	668.683	182.412	677.619	7p-8p	0.0	0.16	0.0	0.0	0.0	72	5	0.4	0.0	0.0	0
222	0	42.225	682.933	60.889	691.869	WHP	0.0	0.1	0.0	0.0	0.0	1179	3	0.0	0.0	0.0	0
223	0	70.501	682.933	101.637	691.869	10/12/12	0.0	0.11	0.0	0.0	0.0	0	8	0.75	0.0	0.0	0
224	0	106.501	682.933	137.637	691.869	10/15/12	0.0	0.13	0.0	0.0	0.0	0	8	0.75	0.0	0.0	0
225	0	144.0	682.933	166.232	691.869	Sa-Su	0.0	0.18	0.0	0.0	0.0	275	5	0.0	0.0	0.0	0
226	0	168.456	682.933	206.704	691.869	11p-1130p	0.0	0.13	0.0	0.0	0.0	72	9	0.6666667	0.0	0.0	0
227	0	208.928	682.933	242.84	691.869	NewsCM	0.0	0.15	0.0	0.0	0.0	972	6	0.0	0.0	0.0	0
228	0	259.501	682.933	297.749	691.869	11p-1130p	0.0	0.15	0.0	0.0	0.0	72	9	0.6666667	0.0	0.0	0
229	0	326.251	683.771	360.019	691.771	-----SS	0.0	0.17	0.0	0.0	0.0	364	7	0.0	0.0	0.0	0
230	0	372.183	682.933	387.751	691.869	1:00	0.0	0.14	0.0	0.0	0.0	0	4	0.75	0.0	0.0	0
231	0	426.361	682.933	469.2	691.869	$180.00P-3	0.0	0.1	0.0	0.0	0.0	27	10	0.6	0.0	0.0	0
232	0	479.522	682.933	495.09	691.869	0.00	0.0	0.09	0.0	0.0	0.73	0	4	0.75	1.0	0.0	0
233	0	564.363	682.933	593.275	691.869	$360.00	0.0	0.24	0.0	0.0	0.62	0	7	0.71428573	1.0	5.888878	0
234	0	145.5	693.433	161.948	702.369	CBS	0.0	0.36	0.0	0.0	0.0	261	3	0.0	0.0	0.0	0
235	0	175.292	693.433	195.292	702.369	News	0.0	0.36	0.0	0.0	0.0	17	4	0.0	0.0	0.0	0
236	0	197.516	693.433	231.308	702.369	Weekend	0.0	0.36	0.0	0.0	0.0	320	7	0.0	0.0	0.0	0
237	0	42.225	707.683	60.889	716.619	WHP	0.0	0.21	0.0	0.0	0.0	1179	3	0.0	0.0	0.0	0
238	0	70.501	707.683	101.637	716.619	10/12/12	0.0	0.07	0.0	0.0	0.0	0	8	0.75	0.0	0.0	0
239	0	106.501	707.683	137.637	716.619	10/15/12	0.0	0.07	0.0	0.0	0.0	0	8	0.75	0.0	0.0	0
240	0	144.0	707.683	158.216	716.619	M-F	0.0	0.1	0.0	0.0	0.0	47	3	0.0	0.0	0.0	0
241	0	160.44	707.683	198.688	716.619	11p-1135p	0.0	0.07	0.0	0.0	0.0	72	9	0.6666667	0.0	0.0	0
242	0	200.912	707.683	220.912	716.619	News	0.0	0.1	0.0	0.0	0.0	17	4	0.0	0.0	0.0	0
243	0	259.501	707.683	297.749	716.619	11p-1135p	0.0	0.11	0.0	0.0	0.0	72	9	0.6666667	0.0	0.0	0
244	0	326.251	708.521	360.019	716.521	M---F--	0.0	0.11	0.0	0.0	0.0	47	7	0.0	0.0	0.0	0
245	0	372.183	707.683	387.751	716.619	1:00	0.0	0.1	0.0	0.0	0.0	0	4	0.75	0.0	0.0	0
246	0	426.361	707.683	469.2	716.619	$300.00P-3	0.0	0.06	0.0	0.0	0.0	27	10	0.6	0.0	0.0	0
247	0	479.522	707.683	495.09	716.619	0.00	0.0	0.09	0.0	0.0	0.73	0	4	0.75	1.0	0.0	0
248	0	564.363	707.683	593.275	716.619	$900.00	0.0	0.24	0.0	0.0	0.62	0	7	0.71428573	1.0	6.8035054	0
249	0	145.5	718.183	161.948	727.119	CBS	0.0	0.43	0.0	0.0	0.0	261	3	0.0	0.0	0.0	0
250	0	175.292	718.183	195.292	727.119	News	0.0	0.43	0.0	0.0	0.0	17	4	0.0	0.0	0.0	0
251	0	206.412	718.183	219.756	727.119	11p	0.0	0.23	0.0	0.0	0.0	27	3	0.6666667	0.0	0.0	0
252	0	42.225	732.443	60.889	741.379	WHP	0.0	0.13	0.0	0.0	0.0	1179	3	0.0	0.0	0.0	0
253	0	70.501	732.443	101.637	741.379	10/12/12	0.0	0.14	0.0	0.0	0.0	0	8	0.75	0.0	0.0	0
254	0	106.501	732.443	137.637	741.379	10/15/12	0.0	0.18	0.0	0.0	0.0	0	8	0.75	0.0	0.0	0
255	0	144.0	732.443	180.016	741.379	Letterman	0.0	0.23	0.0	0.0	0.0	428	9	0.0	0.0	0.0	0
256	0	259.501	732.443	306.645	741.379	1135p-1235a	0.0	0.16	0.0	0.0	0.0	108	11	0.72727275	0.0	0.0	0
257	0	326.251	733.271	360.019	741.271	M---F--	0.0	0.16	0.0	0.0	0.0	47	7	0.0	0.0	0.0	0
258	0	372.183	732.443	387.751	741.379	1:00	0.0	0.15	0.0	0.0	0.0	0	4	0.75	0.0	0.0	0
259	0	426.361	732.443	469.2	741.379	$140.00P-3	0.0	0.06	0.0	0.0	0.0	27	10	0.6	0.0	0.0	0
260	0	479.522	732.443	495.09	741.379	0.00	0.0	0.09	0.0	0.0	0.73	0	4	0.75	1.0	0.0	0
261	0	564.363	732.443	593.275	741.379	$420.00	0.0	0.18	0.0	0.0	0.77	0	7	0.71428573	1.0	6.042633	0
262	0	145.5	742.933	181.516	751.869	Letterman	0.0	0.23	0.0	0.0	0.0	428	9	0.0	0.0	0.0	0
263	0	42.225	757.193	60.889	766.129	WHP	0.0	0.19	0.0	0.0	0.0	1179	3	0.0	0.0	0.0	0
264	0	70.501	757.193	101.637	766.129	10/12/12	0.0	0.14	0.0	0.0	0.0	0	8	0.75	0.0	0.0	0
265	0	106.501	757.193	137.637	766.129	10/15/12	0.0	0.17	0.0	0.0	0.0	0	8	0.75	0.0	0.0	0
266	0	259.501	757.193	293.301	766.129	9a-1030a	0.0	0.22	0.0	0.0	0.0	84	8	0.625	0.0	0.0	0
267	0	326.251	758.031	360.019	766.031	------S	0.0	0.18	0.0	0.0	0.0	49	7	0.0	0.0	0.0	0
268	0	372.183	757.193	387.751	766.129	1:00	0.0	0.16	0.0	0.0	0.0	0	4	0.75	0.0	0.0	0
269	0	426.361	757.193	469.2	766.129	$300.00P-3	0.0	0.06	0.0	0.0	0.0	27	10	0.6	0.0	0.0	0
270	0	479.522	757.193	495.09	766.129	0.00	0.0	0.09	0.0	0.0	0.73	0	4	0.75	1.0	0.0	0
271	0	564.363	757.193	593.275	766.129	$300.00	0.0	0.29	0.0	0.0	0.62	0	7	0.71428573	1.0	5.7071104	0
272	1	408.002	17.963	424.45	26.899	Print	0.0	0.37	0.0	0.0	0.0	37	5	0.0	0.0	0.0	0
273	1	426.674	17.963	445.794	26.899	Date:	0.0	0.37	0.0	0.0	0.0	8	5	0.0	0.0	0.0	0
274	1	450.0	17.963	481.136	26.899	10/10/12	0.0	0.29	0.0	0.0	0.0	0	8	0.75	0.0	0.0	0
275	1	483.36	17.963	514.496	26.899	13:33:49	0.0	0.23	0.0	0.0	0.0	0	8	0.75	0.0	0.0	0
276	1	533.251	17.963	551.931	26.899	Page	0.0	0.19	0.0	0.0	0.0	7	4	0.0	0.0	0.0	0
277	1	18.0	32.963	38.448	41.899	Order	0.0	0.4	0.0	0.0	0.0	9	5	0.0	0.0	0.0	0
278	1	45.12	32.963	61.568	41.899	Rev:	0.0	0.43	0.0	0.0	0.0	71	4	0.0	0.0	0.0	0
279	1	87.001	32.963	109.241	41.899	64783	0.0	0.47	0.0	0.0	0.67	0	5	1.0	1.0	11.078814	0
280	1	260.252	32.963	298.484	41.899	Advertiser:	0.0	0.52	0.0	0.0	0.0	6	11	0.0	0.0	0.0	0
281	1	320.25	32.963	378.498	41.899	Casey/D/Senate	0.0	0.71	0.0	0.0	0.0	2815	14	0.0	0.0	0.0	0
282	1	18.0	47.963	27.336	56.899	Alt	0.0	0.65	0.0	0.0	0.0	31	3	0.0	0.0	0.0	0
283	1	29.56	47.963	50.008	56.899	Order	0.0	0.56	0.0	0.0	0.0	9	5	0.0	0.0	0.0	0
284	1	87.001	47.963	118.137	56.899	9838754	0.0	0.24	0.0	0.0	0.59	0	7	1.0	1.0	16.10184	0
285	1	120.361	47.963	139.481	56.899	/Brad	0.0	0.28	0.0	0.0	0.0	1219	5	0.0	0.0	0.0	0
286	1	260.252	47.963	287.82	56.899	Product	0.0	0.43	0.0	0.0	0.0	5	7	0.0	0.0	0.0	0
287	1	290.044	47.963	310.492	56.899	Desc:	0.0	0.67	0.0	0.0	0.0	141	5	0.0	0.0	0.0	0
288	1	320.25	47.963	337.146	56.899	BOB	0.0	1.0	0.0	0.0	0.0	1147	3	0.0	0.0	0.0	advertiser
289	1	339.37	47.963	366.49	56.899	CASEY	0.0	1.0	0.0	0.0	0.0	1503	5	0.0	0.0	0.0	advertiser
290	1	368.714	47.963	385.602	56.899	FOR	0.0	1.0	0.0	0.0	0.0	50	3	0.0	0.0	0.0	advertiser
291	1	387.826	47.963	419.834	56.899	SENATE	0.0	1.0	0.0	0.0	0.0	249	6	0.0	0.0	0.0	advertiser
292	1	486.0	48.203	517.552	57.139	WHP-TV	0.0	0.76	0.0	0.0	0.0	1366	6	0.0	0.0	0.0	0
293	1	519.776	48.203	545.56	57.139	CBS21	0.0	0.49	0.0	0.0	0.0	261	5	0.4	0.0	0.0	0
294	1	18.0	62.963	37.56	71.899	Flight	0.0	0.35	0.0	0.0	0.0	61	6	0.0	0.0	0.0	0
295	1	39.784	62.963	62.904	71.899	Dates:	0.0	0.35	0.0	0.0	0.0	18	6	0.0	0.0	0.0	0
296	1	87.001	62.963	118.137	71.899	10/12/12	0.0	0.29	0.0	0.0	0.0	0	8	0.75	0.0	0.0	0
297	1	125.249	62.963	156.385	71.899	10/15/12	0.0	0.24	0.0	0.0	0.0	0	8	0.75	0.0	0.0	0
298	1	260.252	62.963	293.596	71.899	Estimate:	0.0	0.31	0.0	0.0	0.0	23	9	0.0	0.0	0.0	0
299	1	73.5	97.388	92.508	107.441	Start	0.0	0.37	0.0	0.0	0.0	26	5	0.0	0.0	0.0	0
300	1	108.751	97.388	124.762	107.441	End	0.0	0.37	0.0	0.0	0.0	28	3	0.0	0.0	0.0	0
301	1	144.0	97.388	181.017	107.441	Inventory	0.0	0.29	0.0	0.0	0.0	85	9	0.0	0.0	0.0	0
302	1	183.519	97.388	205.029	107.441	Code	0.0	0.41	0.0	0.0	0.0	19	4	0.0	0.0	0.0	0
303	1	230.25	97.388	253.758	107.441	Break	0.0	0.46	0.0	0.0	0.0	68	5	0.0	0.0	0.0	0
304	1	259.441	97.388	296.962	107.441	Start/End	0.0	0.46	0.0	0.0	0.0	35	9	0.0	0.0	0.0	0
305	1	299.464	97.388	319.462	107.441	Time	0.0	0.46	0.0	0.0	0.0	22	4	0.0	0.0	0.0	0
306	1	331.501	97.388	352.003	107.441	Days	0.0	0.42	0.0	0.0	0.0	38	4	0.0	0.0	0.0	0
307	1	369.0	97.388	384.012	107.441	Len	0.0	0.42	0.0	0.0	0.0	78	3	0.0	0.0	0.0	0
308	1	389.251	97.388	412.264	107.441	Spots	0.0	0.46	0.0	0.0	0.0	4	5	0.0	0.0	0.0	0
309	1	431.252	97.388	450.26	107.441	Rate	0.0	0.46	0.0	0.0	0.0	13	4	0.0	0.0	0.0	0
310	1	456.752	97.388	467.75	107.441	Pri	0.0	0.41	0.0	0.0	0.0	88	3	0.0	0.0	0.0	0
311	1	475.441	97.388	511.767	107.481	RtgType	0.0	0.33	0.0	0.0	0.0	93	7	0.0	0.0	0.0	0
312	1	516.002	97.388	539.015	107.441	Spots	0.0	0.36	0.0	0.0	0.0	4	5	0.0	0.0	0.0	0
313	1	558.751	97.388	589.765	107.441	Amount	0.0	0.36	0.0	0.0	0.0	25	6	0.0	0.0	0.0	0
314	1	144.0	108.713	160.448	117.649	CBS	0.0	0.35	0.0	0.0	0.0	261	3	0.0	0.0	0.0	0
315	1	162.672	108.713	176.904	117.649	Sun	0.0	0.35	0.0	0.0	0.0	102	3	0.0	0.0	0.0	0
316	1	179.128	108.713	208.024	117.649	Morning	0.0	0.33	0.0	0.0	0.0	152	7	0.0	0.0	0.0	0
317	1	145.5	119.203	161.948	128.139	CBS	0.0	0.35	0.0	0.0	0.0	261	3	0.0	0.0	0.0	0
318	1	164.172	119.203	178.404	128.139	Sun	0.0	0.35	0.0	0.0	0.0	102	3	0.0	0.0	0.0	0
319	1	180.628	119.203	209.524	128.139	Morning	0.0	0.33	0.0	0.0	0.0	152	7	0.0	0.0	0.0	0
320	1	473.25	135.713	495.034	144.649	Totals	0.0	0.28	0.0	0.0	0.0	30	6	0.0	0.0	0.0	0
321	1	557.64	135.713	593.224	144.649	$4,880.00	0.0	0.0	0.0	0.0	1.0	0	9	0.6666667	1.0	8.493105	gross_amount
